0 1 0.02118
0 2 0.13133
0 3 0.38036
0 4 0.94818
0 6 0.17340
0 9 0.85484
0 11 0.63199
0 14 0.99544
0 18 0.60249
0 19 0.89662
0 20 0.16064
0 21 0.05105
0 22 0.46874
0 23 0.99916
0 27 0.33501
0 30 0.97359
0 31 0.56900
0 33 0.05908
0 36 0.43065
0 37 0.96554
0 39 0.87233
0 40 0.72119
0 41 0.48034
0 42 0.43836
0 46 0.81844
0 47 0.93091
0 48 0.38293
0 54 0.51815
0 55 0.70400
0 57 0.32436
0 58 0.04491
0 59 0.58646
0 61 0.23351
0 62 0.30720
0 67 0.35551
0 71 0.88083
0 74 0.27361
0 75 0.76350
0 76 0.60234
0 79 0.29316
0 80 0.60298
0 82 0.36402
0 83 0.57410
0 85 0.34615
0 89 0.59985
0 92 0.51038
0 93 0.96708
0 97 0.57934
0 98 0.78748
1 0 0.22024
1 2 0.05001
1 4 0.91426
1 6 0.08465
1 11 0.25940
1 12 0.08707
1 14 0.06108
1 15 0.05218
1 16 0.58249
1 17 0.68422
1 18 0.54951
1 19 0.60970
1 20 0.87502
1 25 0.72122
1 26 0.67836
1 30 0.01764
1 33 0.30180
1 35 0.04242
1 37 0.55036
1 42 0.99524
1 43 0.47206
1 44 0.18866
1 45 0.49505
1 47 0.23670
1 48 0.38223
1 50 0.85080
1 52 0.43112
1 55 0.60368
1 56 0.80638
1 57 0.53164
1 60 0.14868
1 61 0.73964
1 62 0.75274
1 63 0.26715
1 67 0.36157
1 70 0.79292
1 71 0.86950
1 74 0.03346
1 75 0.33657
1 76 0.47974
1 78 0.54119
1 82 0.89647
1 83 0.15343
1 85 0.91383
1 87 0.80817
1 88 0.19997
1 92 0.47785
1 95 0.08353
1 97 0.14244
1 98 0.89017
2 2 0.01057
2 6 0.74659
2 7 0.54922
2 10 0.03597
2 11 0.10238
2 16 0.79290
2 17 0.47790
2 23 0.50930
2 28 0.85553
2 31 0.45082
2 32 0.52079
2 33 0.04237
2 34 0.25371
2 35 0.15511
2 36 0.37098
2 37 0.33407
2 38 0.77206
2 42 0.47970
2 54 0.25838
2 57 0.78105
2 59 0.78860
2 60 0.47488
2 61 0.62012
2 64 0.92746
2 65 0.82192
2 66 0.47808
2 68 0.90572
2 69 0.04246
2 70 0.67042
2 71 0.62688
2 72 0.13983
2 75 0.27212
2 78 0.24762
2 80 0.02333
2 83 0.25221
2 85 0.93896
2 88 0.01947
2 93 0.37136
2 95 0.62378
2 96 0.49134
2 98 0.31993
2 99 0.09236
3 1 0.46347
3 2 0.57916
3 5 0.93936
3 7 0.74759
3 8 0.73201
3 9 0.66145
3 11 0.36989
3 12 0.81569
3 16 0.51696
3 17 0.35559
3 19 0.80289
3 20 0.46220
3 22 0.09610
3 23 0.44014
3 24 0.55467
3 26 0.41999
3 27 0.70364
3 28 0.13783
3 29 0.69587
3 33 0.97839
3 36 0.80770
3 38 0.39768
3 40 0.49006
3 45 0.57901
3 46 0.93501
3 47 0.16710
3 50 0.25804
3 51 0.93183
3 54 0.24847
3 58 0.37104
3 60 0.06457
3 61 0.38662
3 63 0.08324
3 66 0.41719
3 68 0.38515
3 69 0.42649
3 70 0.33157
3 71 0.23508
3 72 0.21246
3 73 0.60948
3 76 0.38325
3 78 0.11629
3 82 0.99755
3 85 0.99014
3 86 0.44014
3 87 0.76435
3 88 0.94453
3 92 0.73353
3 97 0.65046
3 98 0.42216
4 1 0.49582
4 4 0.23293
4 5 0.50513
4 6 0.22384
4 8 0.43191
4 11 0.01774
4 12 0.87149
4 13 0.66872
4 15 0.97556
4 17 0.07476
4 18 0.46376
4 19 0.24292
4 20 0.20254
4 22 0.04320
4 25 0.73234
4 27 0.79009
4 30 0.69060
4 36 0.85515
4 38 0.71538
4 39 0.65836
4 42 0.05750
4 44 0.42656
4 46 0.99284
4 49 0.18148
4 50 0.78540
4 51 0.06080
4 53 0.51321
4 54 0.40162
4 55 0.04315
4 57 0.57194
4 59 0.57753
4 65 0.00836
4 68 0.43164
4 70 0.82366
4 71 0.01772
4 72 0.85153
4 78 0.81131
4 80 0.76233
4 81 0.06552
4 83 0.69538
4 85 0.44209
4 89 0.51243
4 90 0.22314
4 94 0.72782
4 95 0.86889
4 96 0.58807
4 97 0.63142
4 99 0.63669
5 0 0.80892
5 1 0.50855
5 2 0.63119
5 3 0.79933
5 8 0.15160
5 9 0.78262
5 10 0.35565
5 12 0.26168
5 15 0.99752
5 16 0.93331
5 17 0.38947
5 18 0.45631
5 19 0.51979
5 23 0.55533
5 24 0.75836
5 25 0.58637
5 26 0.87946
5 28 0.76859
5 30 0.15985
5 31 0.26169
5 33 0.05827
5 36 0.11913
5 37 0.91018
5 38 0.77808
5 40 0.10139
5 41 0.60470
5 42 0.95870
5 45 0.24524
5 46 0.37223
5 47 0.78356
5 48 0.58212
5 49 0.43355
5 52 0.63764
5 57 0.98843
5 61 0.76110
5 62 0.42753
5 64 0.38095
5 67 0.03477
5 69 0.96772
5 70 0.35099
5 71 0.67644
5 73 0.57555
5 74 0.90729
5 76 0.11656
5 78 0.66776
5 81 0.49438
5 82 0.98763
5 83 0.05660
5 85 0.27207
5 88 0.86382
5 89 0.35361
5 91 0.14613
5 93 0.29763
5 95 0.51977
5 96 0.35633
5 98 0.48234
6 1 0.92096
6 3 0.21407
6 4 0.18648
6 8 0.23201
6 9 0.05385
6 11 0.46025
6 13 0.19595
6 14 0.51310
6 15 0.26653
6 17 0.32053
6 18 0.69914
6 20 0.85973
6 21 0.27086
6 22 0.09382
6 24 0.28071
6 25 0.70248
6 30 0.81442
6 31 0.02541
6 32 0.05375
6 34 0.51717
6 35 0.57024
6 36 0.08984
6 37 0.63446
6 38 0.14329
6 41 0.81593
6 43 0.18121
6 46 0.24816
6 47 0.48944
6 50 0.85522
6 51 0.38091
6 53 0.01984
6 55 0.79230
6 56 0.26849
6 59 0.70587
6 64 0.90210
6 67 0.41375
6 69 0.82557
6 70 0.63648
6 71 0.85491
6 72 0.45641
6 73 0.75049
6 74 0.61574
6 77 0.38700
6 79 0.54294
6 82 0.82752
6 84 0.14335
6 86 0.81917
6 87 0.28987
6 89 0.70933
6 90 0.31004
6 95 0.91873
6 98 0.63643
6 99 0.48244
7 1 0.98601
7 2 0.70052
7 4 0.59200
7 6 0.87656
7 9 0.12811
7 10 0.24495
7 13 0.03191
7 14 0.08484
7 15 0.69709
7 18 0.97107
7 21 0.41923
7 22 0.29929
7 25 0.22270
7 28 0.85040
7 33 0.36590
7 35 0.86866
7 36 0.18842
7 37 0.67405
7 40 0.43569
7 42 0.78056
7 43 0.51114
7 44 0.03809
7 47 0.23082
7 51 0.24274
7 53 0.72208
7 55 0.91744
7 56 0.61642
7 60 0.51404
7 61 0.85095
7 63 0.64018
7 64 0.48986
7 66 0.95678
7 68 0.19796
7 69 0.78080
7 74 0.26762
7 75 0.18498
7 76 0.79808
7 77 0.33416
7 79 0.53475
7 80 0.42464
7 83 0.30854
7 84 0.42654
7 85 0.93089
7 91 0.91162
7 92 0.74737
7 93 0.09455
7 95 0.55912
7 97 0.51473
7 99 0.79508
8 0 0.47523
8 1 0.06235
8 7 0.10610
8 8 0.82300
8 9 0.37065
8 10 0.56656
8 12 0.97780
8 13 0.16494
8 14 0.46582
8 16 0.97100
8 18 0.49403
8 21 0.84804
8 23 0.51073
8 25 0.37471
8 27 0.16426
8 28 0.99279
8 30 0.13403
8 31 0.51109
8 33 0.69066
8 34 0.09110
8 35 0.74748
8 36 0.93278
8 37 0.48119
8 42 0.82306
8 43 0.62616
8 50 0.38288
8 51 0.29348
8 52 0.81537
8 53 0.25784
8 55 0.05879
8 56 0.16315
8 57 0.07649
8 58 0.06933
8 59 0.94770
8 61 0.99225
8 62 0.55597
8 63 0.79655
8 64 0.70520
8 65 0.63923
8 66 0.47124
8 67 0.19675
8 68 0.11749
8 71 0.66144
8 72 0.34391
8 78 0.01411
8 79 0.48274
8 80 0.80751
8 83 0.64256
8 84 0.27175
8 85 0.24743
8 88 0.34558
8 89 0.87098
8 95 0.16567
8 96 0.55439
9 2 0.16610
9 4 0.17931
9 5 0.14553
9 10 0.05362
9 11 0.86066
9 17 0.76663
9 18 0.21277
9 19 0.12910
9 20 0.49602
9 23 0.52918
9 28 0.42655
9 29 0.65740
9 30 0.00772
9 31 0.18154
9 33 0.93293
9 34 0.89371
9 39 0.68491
9 40 0.95902
9 41 0.38144
9 43 0.37418
9 45 0.31594
9 46 0.62140
9 49 0.27359
9 51 0.52516
9 52 0.93574
9 53 0.84484
9 57 0.97308
9 58 0.97458
9 59 0.53982
9 60 0.34656
9 62 0.04626
9 63 0.16233
9 64 0.53329
9 65 0.78928
9 70 0.64537
9 71 0.09069
9 72 0.94332
9 74 0.79379
9 75 0.72123
9 76 0.58020
9 77 0.30132
9 78 0.76087
9 79 0.13734
9 80 0.82323
9 83 0.66973
9 87 0.14284
9 88 0.55970
9 91 0.03363
9 92 0.09712
9 93 0.56399
9 94 0.10650
9 97 0.86205
9 98 0.02814
10 4 0.11139
10 5 0.71770
10 6 0.64394
10 9 0.00270
10 11 0.07800
10 12 0.37479
10 13 0.74402
10 14 0.89124
10 17 0.33411
10 19 0.02102
10 21 0.91901
10 23 0.73350
10 24 0.12127
10 25 0.82293
10 26 0.08323
10 27 0.45668
10 29 0.46803
10 30 0.88516
10 31 0.95278
10 32 0.44097
10 33 0.95730
10 34 0.14666
10 36 0.02504
10 37 0.94850
10 39 0.12738
10 44 0.40116
10 45 0.98087
10 46 0.15557
10 47 0.30690
10 48 0.13340
10 49 0.84781
10 50 0.02917
10 51 0.94070
10 52 0.33030
10 57 0.45690
10 58 0.89900
10 61 0.24514
10 63 0.55078
10 65 0.83479
10 66 0.66164
10 68 0.75489
10 69 0.43608
10 70 0.62473
10 73 0.42578
10 74 0.12237
10 75 0.28214
10 76 0.66399
10 79 0.90726
10 80 0.70256
10 81 0.98120
10 82 0.52429
10 84 0.23261
10 86 0.01282
10 87 0.91942
10 90 0.20300
10 92 0.37748
10 94 0.52955
10 95 0.54013
10 97 0.00062
10 98 0.21405
10 99 0.94702
11 3 0.25700
11 4 0.66726
11 6 0.63000
11 8 0.31490
11 12 0.23590
11 16 0.82035
11 18 0.52208
11 22 0.09657
11 24 0.53648
11 27 0.98790
11 30 0.73739
11 31 0.10641
11 32 0.14096
11 34 0.83761
11 36 0.83621
11 39 0.42566
11 40 0.64419
11 41 0.71289
11 42 0.34497
11 44 0.32213
11 46 0.73592
11 48 0.35216
11 53 0.52292
11 55 0.19059
11 56 0.57603
11 57 0.62224
11 62 0.12102
11 63 0.78493
11 66 0.61168
11 67 0.81977
11 68 0.21144
11 73 0.59794
11 74 0.76418
11 75 0.22583
11 76 0.84385
11 77 0.73957
11 79 0.45565
11 82 0.13561
11 85 0.97857
11 87 0.24562
11 88 0.92198
11 90 0.66327
11 95 0.98813
11 99 0.33950
12 0 0.22972
12 3 0.75093
12 9 0.60587
12 10 0.42124
12 14 0.44200
12 15 0.00587
12 17 0.35470
12 18 0.78222
12 19 0.35686
12 21 0.05414
12 23 0.47812
12 26 0.66481
12 27 0.56876
12 32 0.09785
12 34 0.22341
12 35 0.24187
12 38 0.99008
12 39 0.83317
12 40 0.18546
12 44 0.12884
12 48 0.87942
12 50 0.96052
12 52 0.30319
12 55 0.92308
12 57 0.42756
12 59 0.62081
12 60 0.45383
12 61 0.26476
12 64 0.90228
12 65 0.43773
12 67 0.69054
12 69 0.64297
12 73 0.78183
12 75 0.81729
12 76 0.76112
12 78 0.27212
12 83 0.92491
12 84 0.03836
12 89 0.38595
12 90 0.80589
12 91 0.45062
12 92 0.89658
12 94 0.45549
12 95 0.36735
12 98 0.41718
12 99 0.44453
13 2 0.83552
13 6 0.09523
13 7 0.52918
13 9 0.53723
13 12 0.01296
13 14 0.17380
13 15 0.93196
13 16 0.33847
13 18 0.02033
13 20 0.27183
13 24 0.93807
13 25 0.40729
13 26 0.31942
13 28 0.75513
13 29 0.52718
13 30 0.63486
13 31 0.24216
13 34 0.46497
13 35 0.24245
13 39 0.21050
13 41 0.80523
13 42 0.32408
13 44 0.51426
13 45 0.80249
13 46 0.96437
13 47 0.86346
13 49 0.77255
13 50 0.81810
13 51 0.73148
13 52 0.86304
13 56 0.70695
13 58 0.57022
13 59 0.90800
13 60 0.80086
13 63 0.38078
13 64 0.96320
13 65 0.28309
13 68 0.66228
13 69 0.01603
13 75 0.41330
13 78 0.32817
13 80 0.36005
13 82 0.79533
13 86 0.68215
13 90 0.77482
13 91 0.81172
13 92 0.26196
14 0 0.35850
14 12 0.57825
14 15 0.20527
14 16 0.80148
14 19 0.65723
14 22 0.63682
14 23 0.86212
14 27 0.79665
14 28 0.16674
14 29 0.70473
14 30 0.40742
14 31 0.99049
14 32 0.32792
14 37 0.81989
14 45 0.38147
14 47 0.24847
14 50 0.82173
14 51 0.51674
14 52 0.12795
14 56 0.60614
14 58 0.14717
14 62 0.23157
14 63 0.57820
14 64 0.89806
14 65 0.33192
14 67 0.12359
14 68 0.70452
14 74 0.95620
14 76 0.18089
14 77 0.80177
14 78 0.05851
14 82 0.27672
14 83 0.36717
14 84 0.50920
14 86 0.60478
14 87 0.32255
14 90 0.54323
14 91 0.11703
14 92 0.62718
14 93 0.98116
14 94 0.17051
14 95 0.29498
14 96 0.10600
14 98 0.19612
15 3 0.60979
15 4 0.77441
15 5 0.12288
15 7 0.78874
15 12 0.76453
15 15 0.62187
15 16 0.09340
15 20 0.70413
15 21 0.36522
15 23 0.24031
15 27 0.09915
15 30 0.27874
15 33 0.97470
15 34 0.19023
15 37 0.06601
15 38 0.78661
15 40 0.24291
15 41 0.85492
15 42 0.37373
15 43 0.95183
15 44 0.29181
15 45 0.35508
15 46 0.50678
15 48 0.60177
15 52 0.09377
15 56 0.33093
15 58 0.26394
15 60 0.40063
15 62 0.97526
15 63 0.52865
15 64 0.86790
15 66 0.37467
15 67 0.04691
15 70 0.94661
15 72 0.31636
15 77 0.84867
15 83 0.19573
15 84 0.48301
15 85 0.78020
15 86 0.60608
15 87 0.74691
15 90 0.66712
15 94 0.90864
15 97 0.23684
15 98 0.73202
16 0 0.62113
16 6 0.87206
16 8 0.70973
16 10 0.46701
16 11 0.59709
16 12 0.20965
16 15 0.05261
16 17 0.74415
16 18 0.06478
16 19 0.47493
16 20 0.60969
16 21 0.37839
16 23 0.72329
16 24 0.28486
16 25 0.61143
16 27 0.38516
16 28 0.34518
16 29 0.72812
16 30 0.87891
16 31 0.16657
16 32 0.85147
16 33 0.02496
16 35 0.13727
16 39 0.58039
16 41 0.39254
16 42 0.83160
16 43 0.44944
16 45 0.72110
16 46 0.66597
16 47 0.37523
16 48 0.19902
16 49 0.18231
16 54 0.89155
16 57 0.35781
16 60 0.17526
16 66 0.19548
16 69 0.08675
16 73 0.89886
16 75 0.55947
16 76 0.71252
16 77 0.07771
16 78 0.07212
16 85 0.53714
16 87 0.56396
16 91 0.80254
16 93 0.56504
16 94 0.06789
16 96 0.37509
16 98 0.12744
16 99 0.86689
17 0 0.70167
17 1 0.73599
17 2 0.72119
17 6 0.20427
17 7 0.45529
17 8 0.52782
17 9 0.14332
17 10 0.90622
17 11 0.76575
17 14 0.88855
17 16 0.33362
17 17 0.36838
17 22 0.88064
17 24 0.75137
17 25 0.11030
17 29 0.52755
17 30 0.14531
17 31 0.85174
17 32 0.33806
17 36 0.76088
17 37 0.50595
17 41 0.06752
17 46 0.07656
17 47 0.88673
17 48 0.16391
17 50 0.03122
17 52 0.99108
17 55 0.07576
17 58 0.19878
17 60 0.07224
17 62 0.39202
17 66 0.36046
17 67 0.48574
17 69 0.07098
17 73 0.39673
17 74 0.83515
17 80 0.16396
17 82 0.26432
17 83 0.97351
17 85 0.84047
17 89 0.91685
17 90 0.96783
17 94 0.27309
17 95 0.07586
17 96 0.58389
17 99 0.83798
18 0 0.14213
18 3 0.78149
18 4 0.95247
18 5 0.33374
18 6 0.95441
18 7 0.99654
18 9 0.16558
18 10 0.91159
18 11 0.30048
18 15 0.11229
18 16 0.30860
18 20 0.24425
18 21 0.28859
18 25 0.36718
18 27 0.84332
18 28 0.86180
18 30 0.85751
18 32 0.31317
18 34 0.49310
18 37 0.44294
18 38 0.27365
18 39 0.89819
18 41 0.16672
18 45 0.44004
18 47 0.31013
18 48 0.77451
18 49 0.35701
18 50 0.69083
18 52 0.50969
18 55 0.93750
18 56 0.02560
18 57 0.62420
18 59 0.29098
18 62 0.60801
18 63 0.59047
18 64 0.87316
18 65 0.81922
18 66 0.16085
18 67 0.17581
18 69 0.04074
18 70 0.17863
18 71 0.13803
18 73 0.49774
18 76 0.96706
18 77 0.62032
18 78 0.07433
18 81 0.42956
18 82 0.33117
18 84 0.10984
18 85 0.89360
18 93 0.01661
18 97 0.12772
19 7 0.39129
19 8 0.95541
19 13 0.44576
19 16 0.06779
19 18 0.75777
19 19 0.56752
19 20 0.86875
19 21 0.34238
19 26 0.57850
19 27 0.95002
19 32 0.80555
19 34 0.84292
19 37 0.95827
19 38 0.39351
19 39 0.13412
19 44 0.68329
19 51 0.50172
19 54 0.13320
19 55 0.17368
19 58 0.23706
19 63 0.54958
19 64 0.08682
19 66 0.43039
19 67 0.09815
19 69 0.35831
19 70 0.92848
19 71 0.10135
19 73 0.33933
19 76 0.91055
19 77 0.81242
19 80 0.22478
19 81 0.79851
19 82 0.29290
19 84 0.10201
19 86 0.73097
19 87 0.69743
19 91 0.57969
19 93 0.19344
19 94 0.43292
19 95 0.78596
19 96 0.32782
19 97 0.06051
19 99 0.08851
20 0 0.48415
20 2 0.94175
20 3 0.09837
20 5 0.96559
20 9 0.55118
20 10 0.62558
20 13 0.89674
20 15 0.16854
20 17 0.92806
20 20 0.31142
20 21 0.69824
20 24 0.94752
20 27 0.48971
20 28 0.25353
20 29 0.95731
20 30 0.48967
20 32 0.51618
20 33 0.41880
20 37 0.44206
20 38 0.39674
20 42 0.27549
20 48 0.22421
20 49 0.40550
20 52 0.12424
20 57 0.85402
20 60 0.88783
20 62 0.64010
20 64 0.23936
20 65 0.33873
20 66 0.16165
20 67 0.91963
20 71 0.33873
20 72 0.99594
20 73 0.19994
20 75 0.74238
20 78 0.42956
20 81 0.04988
20 83 0.92155
20 85 0.11862
20 86 0.38311
20 91 0.22822
20 94 0.63619
20 98 0.51880
21 3 0.71009
21 10 0.69576
21 11 0.25524
21 13 0.00748
21 16 0.26782
21 17 0.41339
21 19 0.72709
21 21 0.52321
21 22 0.07054
21 25 0.16777
21 34 0.03961
21 42 0.37316
21 44 0.04767
21 45 0.41283
21 48 0.55384
21 49 0.58591
21 50 0.83846
21 51 0.79200
21 53 0.12158
21 54 0.47106
21 57 0.49907
21 62 0.78522
21 64 0.71740
21 65 0.47897
21 66 0.73389
21 69 0.39186
21 70 0.33303
21 74 0.67593
21 76 0.61316
21 78 0.41575
21 84 0.51989
21 86 0.16015
21 90 0.74534
21 91 0.00983
21 93 0.93793
21 95 0.21862
21 99 0.88920
22 2 0.95423
22 5 0.51729
22 6 0.41247
22 10 0.57192
22 11 0.23960
22 13 0.44681
22 18 0.21655
22 19 0.81255
22 22 0.45812
22 24 0.94302
22 25 0.20865
22 31 0.88288
22 32 0.60216
22 35 0.84539
22 40 0.94398
22 41 0.22286
22 42 0.87156
22 43 0.82988
22 44 0.10738
22 45 0.23315
22 46 0.90821
22 49 0.01791
22 51 0.02078
22 53 0.73873
22 54 0.23123
22 55 0.18361
22 56 0.81717
22 57 0.59100
22 60 0.69101
22 61 0.03593
22 63 0.60667
22 65 0.35441
22 66 0.61703
22 67 0.14122
22 72 0.27048
22 73 0.40645
22 74 0.55730
22 75 0.55421
22 76 0.28220
22 77 0.77987
22 78 0.68043
22 82 0.90727
22 83 0.20082
22 86 0.94762
22 87 0.61099
22 89 0.64838
22 90 0.61621
22 91 0.27134
22 96 0.33484
22 97 0.04980
22 98 0.89485
22 99 0.94004
23 0 0.41525
23 1 0.81515
23 3 0.25518
23 6 0.31952
23 9 0.22358
23 10 0.64491
23 12 0.03972
23 13 0.40252
23 15 0.34180
23 17 0.13594
23 19 0.72984
23 21 0.20730
23 26 0.65728
23 27 0.41789
23 28 0.23448
23 29 0.27563
23 30 0.51812
23 32 0.16517
23 34 0.59940
23 35 0.98114
23 36 0.56077
23 38 0.04904
23 39 0.23642
23 41 0.61657
23 47 0.34274
23 49 0.29964
23 52 0.87415
23 55 0.52813
23 59 0.57965
23 63 0.35066
23 68 0.49351
23 69 0.14247
23 70 0.81716
23 71 0.42516
23 73 0.50534
23 75 0.46280
23 78 0.81012
23 79 0.79634
23 81 0.17502
23 84 0.14081
23 88 0.49001
23 89 0.50321
23 90 0.76133
23 91 0.28509
23 92 0.26578
23 97 0.45916
23 99 0.33209
24 1 0.29536
24 4 0.76635
24 5 0.72161
24 8 0.12655
24 11 0.01495
24 12 0.07736
24 13 0.90636
24 14 0.28238
24 17 0.03482
24 18 0.17495
24 20 0.60121
24 21 0.79609
24 22 0.90379
24 26 0.67358
24 29 0.25992
24 30 0.98803
24 31 0.39482
24 37 0.94222
24 45 0.14154
24 46 0.29413
24 47 0.20592
24 48 0.15774
24 51 0.79052
24 52 0.04548
24 53 0.36116
24 54 0.38116
24 58 0.54176
24 62 0.08685
24 64 0.73731
24 65 0.48111
24 66 0.42972
24 67 0.18751
24 71 0.03469
24 72 0.02946
24 79 0.46385
24 80 0.71326
24 81 0.95505
24 84 0.62227
24 87 0.51021
24 93 0.35267
24 98 0.86619
24 99 0.31780
25 0 0.16518
25 3 0.92981
25 5 0.86327
25 7 0.75246
25 8 0.99766
25 11 0.31206
25 12 0.20420
25 15 0.02460
25 19 0.27564
25 21 0.19702
25 22 0.58623
25 23 0.42920
25 26 0.80866
25 32 0.35534
25 33 0.96597
25 36 0.01326
25 38 0.67358
25 40 0.59729
25 41 0.76130
25 42 0.59750
25 44 0.88122
25 46 0.33969
25 51 0.64709
25 52 0.87189
25 53 0.44105
25 54 0.02899
25 55 0.71470
25 56 0.05145
25 58 0.89926
25 60 0.92272
25 61 0.20708
25 62 0.88060
25 63 0.88367
25 65 0.60182
25 66 0.27365
25 67 0.97894
25 68 0.94494
25 69 0.18104
25 70 0.22321
25 72 0.48243
25 74 0.84629
25 78 0.63963
25 80 0.08710
25 82 0.55004
25 83 0.39978
25 84 0.34301
25 86 0.54087
25 93 0.83431
25 94 0.02529
25 96 0.33335
25 97 0.84394
25 98 0.86472
25 99 0.61649
26 1 0.01198
26 2 0.34471
26 3 0.08122
26 5 0.12837
26 6 0.75817
26 9 0.62959
26 12 0.70023
26 16 0.14627
26 17 0.69099
26 19 0.19437
26 21 0.59005
26 24 0.62900
26 25 0.51401
26 26 0.63008
26 28 0.74592
26 29 0.46206
26 31 0.33456
26 35 0.75564
26 37 0.19453
26 39 0.15557
26 40 0.67427
26 43 0.68829
26 44 0.36828
26 47 0.55155
26 48 0.77892
26 50 0.46909
26 51 0.10047
26 53 0.47209
26 54 0.02576
26 60 0.76213
26 61 0.54342
26 62 0.11825
26 63 0.12064
26 64 0.99685
26 67 0.05302
26 70 0.76038
26 73 0.04010
26 74 0.54573
26 80 0.56986
26 81 0.47377
26 82 0.97727
26 85 0.13503
26 88 0.52800
26 89 0.60852
26 90 0.72143
26 91 0.70647
26 92 0.25883
26 93 0.76022
26 94 0.05296
26 95 0.22070
26 96 0.56137
26 98 0.86600
27 1 0.95594
27 4 0.39478
27 6 0.45491
27 7 0.81359
27 8 0.51280
27 10 0.14033
27 12 0.09366
27 13 0.33366
27 19 0.20794
27 23 0.20407
27 25 0.64987
27 27 0.85111
27 29 0.55337
27 30 0.63991
27 31 0.19291
27 32 0.00726
27 33 0.59719
27 34 0.67673
27 35 0.59815
27 39 0.63186
27 41 0.62308
27 42 0.69770
27 43 0.72548
27 44 0.45659
27 45 0.49622
27 48 0.29313
27 50 0.87537
27 52 0.53336
27 57 0.75498
27 59 0.88467
27 60 0.03216
27 61 0.40363
27 67 0.58951
27 68 0.16550
27 70 0.94572
27 71 0.47282
27 72 0.09573
27 74 0.50645
27 75 0.93976
27 76 0.88354
27 77 0.40436
27 79 0.66674
27 80 0.02217
27 83 0.36759
27 84 0.11589
27 85 0.62017
27 86 0.40831
27 87 0.65451
27 90 0.19314
27 91 0.49472
27 95 0.45672
27 97 0.35461
27 98 0.20452
28 1 0.31136
28 2 0.09383
28 3 0.55308
28 4 0.76445
28 5 0.67667
28 6 0.62996
28 9 0.80855
28 11 0.11930
28 14 0.45508
28 15 0.48333
28 16 0.46577
28 19 0.68128
28 22 0.10116
28 25 0.37878
28 26 0.48945
28 28 0.16412
28 31 0.25906
28 32 0.49373
28 34 0.92947
28 36 0.52257
28 38 0.72843
28 39 0.15423
28 41 0.26403
28 42 0.29596
28 43 0.26207
28 44 0.73255
28 46 0.90577
28 53 0.58057
28 55 0.46246
28 56 0.63810
28 57 0.86038
28 58 0.22916
28 60 0.14138
28 61 0.49825
28 62 0.30888
28 63 0.98713
28 66 0.99527
28 68 0.03019
28 69 0.78286
28 70 0.62613
28 71 0.17019
28 72 0.16921
28 73 0.24588
28 76 0.62133
28 78 0.19891
28 79 0.27327
28 80 0.37929
28 81 0.96700
28 84 0.65771
28 87 0.39321
28 88 0.03835
28 89 0.74069
28 92 0.01155
28 93 0.62956
28 95 0.99708
28 96 0.17542
28 98 0.79699
28 99 0.90497
29 0 0.89336
29 2 0.74353
29 4 0.14897
29 8 0.33313
29 9 0.18033
29 10 0.44724
29 11 0.00396
29 20 0.10806
29 22 0.13339
29 23 0.15818
29 24 0.76506
29 28 0.39434
29 29 0.88264
29 34 0.52823
29 36 0.02998
29 42 0.65538
29 43 0.47309
29 46 0.61936
29 47 0.32200
29 48 0.21068
29 53 0.50756
29 54 0.98960
29 55 0.46144
29 56 0.46580
29 58 0.03813
29 60 0.65535
29 63 0.81803
29 65 0.11643
29 68 0.71112
29 69 0.71987
29 71 0.68211
29 74 0.42825
29 75 0.84378
29 76 0.02790
29 80 0.26106
29 81 0.45640
29 82 0.07658
29 85 0.74533
29 86 0.67844
29 88 0.95567
29 93 0.74258
30 0 0.27326
30 4 0.22507
30 5 0.53530
30 8 0.64905
30 9 0.58195
30 10 0.81037
30 11 0.75984
30 14 0.76384
30 15 0.22110
30 16 0.58304
30 17 0.01718
30 18 0.48900
30 22 0.01603
30 24 0.95496
30 26 0.17277
30 27 0.11553
30 28 0.92199
30 30 0.64196
30 31 0.64396
30 32 0.99905
30 33 0.59925
30 34 0.86654
30 35 0.94694
30 38 0.61679
30 42 0.14720
30 44 0.62625
30 45 0.48087
30 46 0.57753
30 48 0.14055
30 49 0.34248
30 50 0.78987
30 51 0.73578
30 53 0.11574
30 54 0.91456
30 56 0.23723
30 57 0.09705
30 58 0.17864
30 59 0.50947
30 60 0.58694
30 61 0.73891
30 62 0.24417
30 63 0.61063
30 65 0.02432
30 71 0.99474
30 73 0.77000
30 74 0.10558
30 76 0.05377
30 81 0.31099
30 82 0.15660
30 84 0.26329
30 85 0.18011
30 86 0.56618
30 91 0.00571
30 96 0.65020
30 97 0.93664
30 99 0.02477
31 1 0.05791
31 5 0.02122
31 6 0.81000
31 7 0.31866
31 8 0.57437
31 9 0.49209
31 10 0.71460
31 11 0.34657
31 13 0.05652
31 17 0.33200
31 18 0.64140
31 20 0.16764
31 24 0.79145
31 27 0.85413
31 29 0.91378
31 36 0.84060
31 37 0.18870
31 40 0.20625
31 45 0.25471
31 50 0.54083
31 51 0.30287
31 52 0.31090
31 54 0.20890
31 55 0.72947
31 58 0.33071
31 60 0.31078
31 64 0.80768
31 66 0.73633
31 67 0.72310
31 69 0.13342
31 71 0.25787
31 72 0.85798
31 74 0.62344
31 75 0.40066
31 79 0.20727
31 87 0.52960
31 89 0.24999
31 91 0.96283
31 92 0.78002
31 93 0.17705
31 96 0.11671
31 97 0.11175
31 98 0.48077
31 99 0.06080
32 2 0.95912
32 4 0.62884
32 6 0.51579
32 7 0.03257
32 8 0.11290
32 9 0.85966
32 10 0.90677
32 11 0.38460
32 12 0.72627
32 13 0.85634
32 14 0.95677
32 17 0.06846
32 18 0.91044
32 19 0.17746
32 23 0.62806
32 25 0.83833
32 26 0.36932
32 27 0.30906
32 28 0.05217
32 30 0.98910
32 32 0.77683
32 33 0.92377
32 40 0.66856
32 41 0.58866
32 42 0.49697
32 43 0.81167
32 44 0.61086
32 46 0.11793
32 48 0.50010
32 49 0.33140
32 51 0.26976
32 55 0.82996
32 58 0.05116
32 60 0.55835
32 61 0.55110
32 63 0.76467
32 65 0.92136
32 69 0.96394
32 72 0.14453
32 73 0.44943
32 75 0.19411
32 76 0.86980
32 77 0.70948
32 79 0.60724
32 80 0.14611
32 81 0.71457
32 83 0.83802
32 84 0.04394
32 86 0.22828
32 90 0.42195
32 91 0.88029
32 94 0.98372
32 96 0.55103
32 98 0.07953
33 2 0.97549
33 4 0.79788
33 7 0.94861
33 9 0.70643
33 10 0.55262
33 11 0.90420
33 13 0.89646
33 14 0.38430
33 15 0.01938
33 16 0.82772
33 18 0.02328
33 19 0.45076
33 20 0.27322
33 21 0.73138
33 22 0.15771
33 23 0.63348
33 24 0.07722
33 25 0.56793
33 27 0.25836
33 28 0.44285
33 30 0.04097
33 34 0.10918
33 35 0.02209
33 36 0.25074
33 40 0.22531
33 41 0.66560
33 42 0.87827
33 43 0.71630
33 44 0.96444
33 48 0.83944
33 50 0.38102
33 53 0.80009
33 54 0.21732
33 56 0.72621
33 57 0.25435
33 59 0.60143
33 60 0.33276
33 61 0.74192
33 62 0.82771
33 64 0.95131
33 65 0.91125
33 67 0.77460
33 68 0.36473
33 69 0.59964
33 71 0.99367
33 74 0.39127
33 76 0.18658
33 80 0.61859
33 83 0.88382
33 85 0.65467
33 89 0.58422
33 90 0.36200
33 91 0.02641
33 94 0.15827
33 97 0.77385
34 0 0.21790
34 6 0.15101
34 8 0.55394
34 10 0.72574
34 11 0.20521
34 15 0.66039
34 17 0.88110
34 19 0.64927
34 20 0.80705
34 21 0.69198
34 22 0.83412
34 23 0.72769
34 33 0.09291
34 34 0.05319
34 35 0.37537
34 37 0.34549
34 39 0.10491
34 40 0.27961
34 41 0.51582
34 42 0.75461
34 45 0.32845
34 46 0.54469
34 48 0.49274
34 49 0.15274
34 50 0.26467
34 52 0.21805
34 53 0.52735
34 55 0.71434
34 56 0.82618
34 57 0.51349
34 58 0.16684
34 60 0.59008
34 63 0.72881
34 64 0.09519
34 67 0.69359
34 72 0.45061
34 73 0.47600
34 76 0.60145
34 78 0.71493
34 80 0.46773
34 81 0.32999
34 83 0.46637
34 85 0.73980
34 86 0.47906
34 88 0.19331
34 91 0.44590
34 92 0.23259
34 94 0.37975
34 95 0.91128
34 96 0.54526
34 97 0.03643
34 99 0.24721
35 2 0.03648
35 3 0.45974
35 5 0.45508
35 11 0.21544
35 18 0.57481
35 20 0.13294
35 22 0.06409
35 24 0.18836
35 25 0.84761
35 26 0.88294
35 29 0.46015
35 30 0.06816
35 31 0.64011
35 32 0.83065
35 33 0.94864
35 34 0.98126
35 35 0.69728
35 36 0.97030
35 39 0.05568
35 40 0.59684
35 41 0.69425
35 43 0.01254
35 44 0.11009
35 45 0.69231
35 47 0.05315
35 48 0.93212
35 49 0.02608
35 50 0.66086
35 51 0.59909
35 52 0.50624
35 57 0.08632
35 59 0.50507
35 61 0.56932
35 64 0.99904
35 68 0.63204
35 70 0.15160
35 72 0.14901
35 74 0.26871
35 76 0.91135
35 77 0.31763
35 79 0.19897
35 80 0.96795
35 82 0.82069
35 84 0.56030
35 85 0.34727
35 92 0.28773
35 93 0.18486
35 94 0.96663
35 96 0.54677
35 99 0.45251
36 0 0.08625
36 1 0.65849
36 3 0.91898
36 5 0.99884
36 6 0.37135
36 10 0.74112
36 12 0.70776
36 13 0.07930
36 18 0.04041
36 19 0.86642
36 21 0.34127
36 22 0.88698
36 25 0.09404
36 28 0.74510
36 29 0.45650
36 32 0.05625
36 33 0.91730
36 36 0.45331
36 37 0.81185
36 40 0.23792
36 42 0.28311
36 43 0.00820
36 44 0.89078
36 46 0.38714
36 51 0.45276
36 52 0.07637
36 54 0.26410
36 55 0.17326
36 56 0.74159
36 57 0.58775
36 59 0.77332
36 60 0.23313
36 62 0.52768
36 63 0.97845
36 64 0.15374
36 66 0.29495
36 69 0.60611
36 72 0.97700
36 73 0.43680
36 75 0.46638
36 77 0.17549
36 78 0.65062
36 81 0.91131
36 82 0.30272
36 83 0.13187
36 84 0.92833
36 86 0.66564
36 87 0.94663
36 91 0.82388
36 92 0.82303
36 93 0.27826
36 94 0.10769
36 95 0.30051
36 96 0.95789
36 98 0.87929
36 99 0.30658
37 1 0.15291
37 7 0.89342
37 11 0.59360
37 13 0.32761
37 14 0.60076
37 15 0.30239
37 16 0.71496
37 18 0.91084
37 23 0.02420
37 24 0.29972
37 26 0.19832
37 27 0.58224
37 28 0.10052
37 29 0.24559
37 30 0.88886
37 31 0.96844
37 34 0.81729
37 35 0.72354
37 36 0.43165
37 37 0.44335
37 38 0.80878
37 40 0.43175
37 41 0.61576
37 44 0.18432
37 47 0.86453
37 49 0.01211
37 50 0.57932
37 51 0.36609
37 52 0.60331
37 54 0.33276
37 55 0.73593
37 57 0.63987
37 60 0.44983
37 61 0.69220
37 63 0.66781
37 66 0.74370
37 69 0.28694
37 73 0.99859
37 78 0.56691
37 82 0.23652
37 84 0.71131
37 86 0.97752
37 87 0.46822
37 89 0.05846
37 90 0.68082
37 91 0.78481
37 93 0.05470
37 94 0.58371
37 95 0.69447
37 97 0.91162
37 99 0.82133
38 0 0.38469
38 5 0.79047
38 6 0.41025
38 7 0.78370
38 9 0.51345
38 13 0.20241
38 14 0.84170
38 15 0.15127
38 23 0.91554
38 24 0.40108
38 29 0.26225
38 32 0.82927
38 33 0.51552
38 35 0.42826
38 39 0.25482
38 41 0.57866
38 43 0.05561
38 46 0.48946
38 48 0.67988
38 49 0.84794
38 50 0.55749
38 52 0.10216
38 53 0.93769
38 54 0.50336
38 55 0.25102
38 56 0.15526
38 57 0.33497
38 58 0.33314
38 59 0.16160
38 60 0.94113
38 64 0.30751
38 68 0.77451
38 69 0.90872
38 72 0.45813
38 75 0.75544
38 78 0.15864
38 80 0.20940
38 81 0.36782
38 83 0.22615
38 84 0.85673
38 85 0.27826
38 87 0.18787
38 88 0.13317
38 89 0.89686
38 90 0.75376
38 92 0.84955
38 93 0.76152
38 95 0.03096
38 97 0.79574
38 98 0.21890
39 1 0.80289
39 5 0.76802
39 7 0.79773
39 11 0.23589
39 14 0.96140
39 15 0.31400
39 16 0.69230
39 20 0.22751
39 24 0.29850
39 26 0.42253
39 27 0.26825
39 28 0.66280
39 29 0.79074
39 32 0.11510
39 33 0.85663
39 36 0.33271
39 38 0.72918
39 39 0.53262
39 40 0.42110
39 42 0.16626
39 44 0.02297
39 45 0.79700
39 48 0.15643
39 49 0.17202
39 50 0.22434
39 53 0.47680
39 54 0.47533
39 55 0.19933
39 56 0.15105
39 58 0.81176
39 59 0.72313
39 61 0.52670
39 64 0.91722
39 68 0.83331
39 75 0.66888
39 76 0.11655
39 77 0.28112
39 78 0.69465
39 81 0.75208
39 82 0.14661
39 83 0.02226
39 84 0.31256
39 86 0.71417
39 87 0.75724
39 88 0.61157
39 89 0.05240
39 90 0.71055
39 92 0.23588
39 97 0.59111
40 0 0.49891
40 1 0.24579
40 2 0.96865
40 4 0.88899
40 6 0.45365
40 8 0.66660
40 12 0.76714
40 13 0.06889
40 14 0.96712
40 18 0.22615
40 19 0.02986
40 20 0.92029
40 21 0.22556
40 22 0.56364
40 23 0.48070
40 24 0.85274
40 28 0.75725
40 29 0.64604
40 30 0.70568
40 31 0.29555
40 33 0.03076
40 36 0.17541
40 38 0.55951
40 39 0.20807
40 40 0.17563
40 43 0.98777
40 45 0.23635
40 48 0.41976
40 50 0.66567
40 51 0.19236
40 53 0.33437
40 54 0.79663
40 55 0.01707
40 56 0.09092
40 60 0.71047
40 61 0.89876
40 66 0.86569
40 69 0.04564
40 70 0.67011
40 71 0.83297
40 73 0.93504
40 76 0.40304
40 77 0.05023
40 78 0.02375
40 80 0.31457
40 84 0.05755
40 85 0.73750
40 86 0.68391
40 88 0.11739
40 90 0.15225
40 92 0.97801
40 95 0.42234
40 96 0.00187
40 97 0.02171
40 99 0.31458
41 1 0.99309
41 2 0.99280
41 6 0.19167
41 7 0.01361
41 9 0.75330
41 13 0.77261
41 15 0.48821
41 16 0.27962
41 17 0.63378
41 21 0.14209
41 24 0.57268
41 25 0.22096
41 27 0.31769
41 33 0.78862
41 35 0.70150
41 37 0.34961
41 38 0.84514
41 40 0.94942
41 43 0.83133
41 44 0.13602
41 46 0.67427
41 48 0.05423
41 49 0.59101
41 50 0.64305
41 51 0.16871
41 52 0.44787
41 53 0.22110
41 55 0.22402
41 56 0.95144
41 58 0.83213
41 59 0.44675
41 61 0.03474
41 65 0.28121
41 67 0.46827
41 68 0.18607
41 70 0.28992
41 71 0.66539
41 73 0.07821
41 77 0.32751
41 78 0.92166
41 79 0.34179
41 83 0.83063
41 84 0.45583
41 86 0.11656
41 87 0.92619
41 91 0.33167
41 93 0.42529
41 94 0.62800
41 96 0.58828
41 97 0.97999
41 99 0.92217
42 1 0.79920
42 3 0.50193
42 4 0.86684
42 7 0.96260
42 9 0.89942
42 11 0.76696
42 19 0.64355
42 21 0.82297
42 22 0.42159
42 28 0.17535
42 29 0.05210
42 34 0.68283
42 35 0.22361
42 37 0.44398
42 38 0.21335
42 39 0.01470
42 41 0.60557
42 43 0.65232
42 45 0.82349
42 47 0.49715
42 48 0.33680
42 50 0.84141
42 51 0.62041
42 52 0.42210
42 53 0.96616
42 54 0.16387
42 57 0.83659
42 58 0.56136
42 59 0.45045
42 64 0.50871
42 65 0.99011
42 66 0.28488
42 72 0.52259
42 73 0.44286
42 74 0.99161
42 76 0.54386
42 77 0.47780
42 79 0.75496
42 87 0.72433
42 88 0.09043
42 89 0.49374
42 91 0.20000
42 92 0.90543
42 94 0.53278
42 96 0.14949
42 98 0.53019
43 0 0.03886
43 1 0.83574
43 3 0.13894
43 4 0.55939
43 5 0.69927
43 8 0.65200
43 9 0.87300
43 12 0.25683
43 15 0.33630
43 17 0.36811
43 20 0.12351
43 21 0.09512
43 22 0.68284
43 25 0.93462
43 26 0.62861
43 28 0.90868
43 29 0.04126
43 30 0.89822
43 31 0.37687
43 35 0.07413
43 36 0.75736
43 37 0.77626
43 38 0.22276
43 40 0.96400
43 41 0.97460
43 42 0.24040
43 46 0.72886
43 48 0.42795
43 49 0.68462
43 51 0.93353
43 57 0.66069
43 58 0.62469
43 59 0.03166
43 60 0.98947
43 61 0.72200
43 62 0.67655
43 63 0.62305
43 64 0.08888
43 65 0.30697
43 67 0.91828
43 68 0.16336
43 69 0.95260
43 70 0.72692
43 71 0.89689
43 72 0.74579
43 75 0.83155
43 82 0.30003
43 83 0.93758
43 88 0.21998
43 89 0.98119
43 90 0.58338
43 91 0.90102
43 92 0.07246
43 94 0.18704
43 95 0.25159
43 97 0.77929
43 98 0.63333
44 0 0.23946
44 1 0.88643
44 5 0.86976
44 7 0.41697
44 8 0.12817
44 11 0.91120
44 13 0.48188
44 14 0.32830
44 15 0.41254
44 16 0.13049
44 18 0.66280
44 19 0.86065
44 22 0.07738
44 23 0.28554
44 25 0.70968
44 26 0.40905
44 29 0.55703
44 31 0.13530
44 32 0.12264
44 33 0.55710
44 39 0.10782
44 42 0.48756
44 45 0.73775
44 49 0.86729
44 50 0.37234
44 52 0.40918
44 53 0.89403
44 57 0.76408
44 59 0.55027
44 61 0.83203
44 63 0.04218
44 65 0.01196
44 66 0.45025
44 67 0.40898
44 69 0.77521
44 70 0.14974
44 71 0.75433
44 72 0.25507
44 73 0.68950
44 74 0.40585
44 75 0.17153
44 76 0.46743
44 78 0.00033
44 79 0.24598
44 80 0.49611
44 81 0.87001
44 82 0.09905
44 86 0.14980
44 87 0.78340
44 91 0.85122
44 93 0.87045
44 95 0.71771
44 97 0.25618
44 99 0.81795
45 0 0.57893
45 1 0.40558
45 2 0.52072
45 3 0.05097
45 7 0.95700
45 8 0.87759
45 10 0.27652
45 12 0.73782
45 13 0.95146
45 14 0.34702
45 15 0.63644
45 19 0.21244
45 24 0.34391
45 25 0.74177
45 26 0.56117
45 28 0.85422
45 30 0.42419
45 32 0.48437
45 34 0.97863
45 35 0.37166
45 36 0.48759
45 38 0.40286
45 40 0.47257
45 42 0.78973
45 43 0.76647
45 45 0.74839
45 51 0.47751
45 55 0.06067
45 57 0.46768
45 58 0.67618
45 59 0.30729
45 62 0.47906
45 63 0.41784
45 67 0.89888
45 69 0.53848
45 72 0.65348
45 73 0.48371
45 74 0.45017
45 76 0.96178
45 77 0.06548
45 79 0.13408
45 80 0.47975
45 82 0.71319
45 84 0.28940
45 86 0.25533
45 88 0.55098
45 89 0.15080
45 90 0.88049
45 94 0.21347
45 95 0.61495
45 98 0.22962
46 2 0.31271
46 5 0.11438
46 6 0.14403
46 7 0.54623
46 10 0.84932
46 11 0.73256
46 13 0.09428
46 17 0.57318
46 18 0.61725
46 23 0.79405
46 24 0.00653
46 28 0.01540
46 29 0.53834
46 31 0.98888
46 32 0.54495
46 33 0.20151
46 34 0.78966
46 35 0.78520
46 39 0.55039
46 40 0.17845
46 41 0.04372
46 42 0.01692
46 43 0.47013
46 46 0.27777
46 48 0.33512
46 49 0.15186
46 50 0.79792
46 51 0.85163
46 52 0.63954
46 53 0.14551
46 54 0.55981
46 56 0.21471
46 57 0.63110
46 58 0.55691
46 64 0.79106
46 65 0.43954
46 66 0.86302
46 69 0.72029
46 71 0.59154
46 74 0.91495
46 75 0.30173
46 76 0.37852
46 77 0.29194
46 78 0.15226
46 79 0.88652
46 82 0.86585
46 83 0.12520
46 84 0.50923
46 85 0.58927
46 86 0.74753
46 87 0.73184
46 88 0.02728
46 89 0.15634
46 90 0.35662
46 92 0.70289
46 96 0.32323
46 97 0.46493
47 0 0.14524
47 1 0.12891
47 3 0.27608
47 4 0.88363
47 5 0.62893
47 6 0.67156
47 7 0.75330
47 9 0.12846
47 12 0.99269
47 15 0.39049
47 21 0.31375
47 24 0.93702
47 26 0.92222
47 29 0.91903
47 30 0.84030
47 34 0.64075
47 37 0.46395
47 38 0.16689
47 40 0.48158
47 43 0.09829
47 49 0.08708
47 57 0.98613
47 60 0.87722
47 61 0.11072
47 64 0.86719
47 67 0.03755
47 73 0.82488
47 74 0.13246
47 77 0.52946
47 80 0.51415
47 84 0.32360
47 85 0.54274
47 86 0.87157
47 88 0.32429
47 90 0.35498
47 91 0.30560
47 92 0.74127
47 93 0.79127
47 94 0.45921
47 95 0.29183
47 97 0.66837
47 99 0.80024
48 0 0.63310
48 2 0.09226
48 3 0.32176
48 4 0.49116
48 6 0.49174
48 7 0.77185
48 12 0.89553
48 13 0.35385
48 15 0.69219
48 16 0.47794
48 17 0.12158
48 18 0.74018
48 19 0.28230
48 20 0.85331
48 22 0.70668
48 25 0.75933
48 29 0.66660
48 30 0.59250
48 32 0.95808
48 35 0.89092
48 38 0.52508
48 39 0.49439
48 40 0.50554
48 41 0.43819
48 45 0.25176
48 46 0.59072
48 47 0.39765
48 50 0.84268
48 55 0.62829
48 59 0.71792
48 62 0.54503
48 65 0.75426
48 66 0.94880
48 67 0.86568
48 68 0.90349
48 69 0.97898
48 71 0.79355
48 72 0.47163
48 74 0.63600
48 75 0.24822
48 79 0.93952
48 80 0.82722
48 81 0.14513
48 83 0.35317
48 84 0.66403
48 85 0.48426
48 88 0.16715
48 90 0.53754
48 93 0.38913
49 1 0.54098
49 4 0.33433
49 7 0.42914
49 10 0.16917
49 12 0.41586
49 16 0.31325
49 17 0.99107
49 21 0.93238
49 22 0.62555
49 23 0.28611
49 26 0.80768
49 27 0.40732
49 28 0.68266
49 33 0.29821
49 38 0.20911
49 41 0.49848
49 42 0.04132
49 47 0.07482
49 52 0.57307
49 53 0.49197
49 54 0.16768
49 55 0.27979
49 56 0.28030
49 59 0.66014
49 64 0.01320
49 65 0.83911
49 68 0.90798
49 69 0.95139
49 70 0.39553
49 72 0.12598
49 81 0.05739
49 82 0.00616
49 84 0.67587
49 85 0.63939
49 86 0.23691
49 88 0.81346
49 92 0.36880
49 93 0.89969
49 95 0.09825
50 0 0.35393
50 3 0.62616
50 4 0.12881
50 7 0.35807
50 9 0.07148
50 10 0.19839
50 11 0.93025
50 12 0.12884
50 13 0.88028
50 14 0.22147
50 16 0.75209
50 17 0.67421
50 20 0.06287
50 21 0.36894
50 23 0.91774
50 24 0.89291
50 26 0.19441
50 27 0.60030
50 28 0.51392
50 31 0.92082
50 32 0.69659
50 34 0.72868
50 37 0.72529
50 38 0.27735
50 40 0.90084
50 45 0.25384
50 51 0.92422
50 57 0.85439
50 58 0.26525
50 61 0.12264
50 63 0.02242
50 64 0.23295
50 66 0.78300
50 67 0.72623
50 68 0.52188
50 69 0.53887
50 70 0.95650
50 72 0.03346
50 73 0.36519
50 79 0.12135
50 81 0.28488
50 83 0.48819
50 88 0.31718
50 90 0.83634
51 0 0.99689
51 4 0.99413
51 7 0.21882
51 10 0.33042
51 11 0.61407
51 12 0.17542
51 14 0.48868
51 15 0.10575
51 16 0.71095
51 17 0.98051
51 19 0.61194
51 20 0.29613
51 21 0.03897
51 27 0.21758
51 29 0.26888
51 30 0.99853
51 31 0.98933
51 33 0.08229
51 35 0.13172
51 38 0.61421
51 39 0.73873
51 41 0.13755
51 45 0.23096
51 46 0.44630
51 47 0.66543
51 48 0.84192
51 52 0.78870
51 53 0.02865
51 54 0.75467
51 58 0.08585
51 59 0.11672
51 60 0.17570
51 63 0.35348
51 64 0.32355
51 69 0.24434
51 72 0.98905
51 73 0.81841
51 74 0.40111
51 75 0.96448
51 78 0.55041
51 81 0.77083
51 82 0.75511
51 85 0.22763
51 87 0.60066
51 90 0.27497
51 91 0.36339
51 93 0.10329
51 94 0.52805
51 95 0.49158
51 96 0.62104
52 0 0.55334
52 1 0.35051
52 2 0.66085
52 5 0.71276
52 6 0.78179
52 7 0.40135
52 8 0.14852
52 9 0.60325
52 10 0.23602
52 11 0.71646
52 12 0.60263
52 14 0.58855
52 15 0.49330
52 16 0.60237
52 18 0.32835
52 19 0.13643
52 20 0.70924
52 21 0.58056
52 23 0.48083
52 25 0.24038
52 28 0.45516
52 29 0.91815
52 31 0.62903
52 32 0.23920
52 35 0.43722
52 37 0.15456
52 39 0.40664
52 40 0.28252
52 41 0.77422
52 43 0.47177
52 45 0.44964
52 46 0.63781
52 47 0.69110
52 50 0.98565
52 52 0.82246
52 53 0.12619
52 54 0.19356
52 56 0.90507
52 57 0.86712
52 58 0.77910
52 59 0.06761
52 62 0.39661
52 64 0.77692
52 65 0.73627
52 66 0.27945
52 68 0.53042
52 70 0.30950
52 72 0.73216
52 74 0.48038
52 76 0.35431
52 77 0.68359
52 78 0.47347
52 80 0.94399
52 82 0.12668
52 84 0.72254
52 85 0.62715
52 89 0.25313
52 91 0.53983
52 92 0.25592
52 93 0.32456
52 96 0.24236
52 97 0.33940
52 98 0.66985
53 2 0.18713
53 3 0.88562
53 4 0.48768
53 7 0.15546
53 8 0.51106
53 9 0.12470
53 12 0.88354
53 16 0.01729
53 19 0.00878
53 22 0.46915
53 24 0.08283
53 25 0.40706
53 29 0.93061
53 30 0.31160
53 31 0.13841
53 33 0.84076
53 36 0.86028
53 37 0.37422
53 41 0.43558
53 43 0.95701
53 47 0.02952
53 48 0.42399
53 49 0.20232
53 50 0.46697
53 51 0.44357
53 52 0.07627
53 54 0.13106
53 58 0.80260
53 61 0.00330
53 62 0.72042
53 63 0.30051
53 64 0.87094
53 65 0.98364
53 66 0.76454
53 69 0.91610
53 70 0.74434
53 71 0.47041
53 73 0.17571
53 76 0.87305
53 77 0.13046
53 81 0.73020
53 82 0.09852
53 83 0.55831
53 86 0.40982
53 87 0.33100
53 88 0.12530
53 93 0.24357
53 94 0.07517
53 96 0.14709
53 98 0.47089
54 1 0.96348
54 3 0.82025
54 5 0.14157
54 12 0.59344
54 14 0.63347
54 17 0.82414
54 19 0.01342
54 20 0.10783
54 21 0.69053
54 22 0.39291
54 27 0.64594
54 28 0.44775
54 30 0.11836
54 33 0.32618
54 34 0.93778
54 36 0.23771
54 37 0.28594
54 38 0.19862
54 40 0.03416
54 42 0.93197
54 43 0.03353
54 44 0.76460
54 47 0.03284
54 53 0.15620
54 58 0.91258
54 59 0.04276
54 62 0.36217
54 63 0.36934
54 66 0.39980
54 69 0.91329
54 71 0.01870
54 74 0.63386
54 76 0.30243
54 77 0.89619
54 78 0.54817
54 79 0.18424
54 80 0.95310
54 82 0.06281
54 84 0.86240
54 85 0.64198
54 87 0.42835
54 88 0.77427
54 92 0.17450
54 94 0.94317
54 95 0.90113
54 97 0.55191
54 99 0.67371
55 1 0.33060
55 3 0.06897
55 5 0.36143
55 6 0.78707
55 7 0.71181
55 9 0.67073
55 16 0.41587
55 17 0.37077
55 19 0.82731
55 20 0.26526
55 22 0.55594
55 23 0.66374
55 25 0.95558
55 30 0.43605
55 31 0.58427
55 32 0.09870
55 33 0.95639
55 37 0.77945
55 39 0.26388
55 43 0.71660
55 45 0.29864
55 49 0.24933
55 50 0.01285
55 53 0.67394
55 54 0.19357
55 55 0.59553
55 56 0.23665
55 57 0.47043
55 58 0.29009
55 61 0.36215
55 63 0.84386
55 66 0.40343
55 67 0.19312
55 69 0.65056
55 70 0.72755
55 77 0.30446
55 79 0.88794
55 81 0.48171
55 82 0.09670
55 85 0.13856
55 89 0.05484
55 90 0.99932
55 99 0.70165
56 0 0.05171
56 2 0.78179
56 4 0.97393
56 5 0.48530
56 8 0.62952
56 9 0.80791
56 12 0.15795
56 13 0.77134
56 14 0.86251
56 19 0.45067
56 20 0.84221
56 21 0.97315
56 22 0.01558
56 24 0.77663
56 25 0.49781
56 26 0.29886
56 27 0.60246
56 28 0.68374
56 30 0.91199
56 31 0.41804
56 32 0.53330
56 33 0.85963
56 37 0.03070
56 38 0.73939
56 43 0.91682
56 44 0.92366
56 45 0.59179
56 46 0.61867
56 48 0.09010
56 50 0.12733
56 53 0.77495
56 54 0.58163
56 55 0.93056
56 56 0.93980
56 57 0.91125
56 58 0.85024
56 62 0.24626
56 64 0.02040
56 65 0.78446
56 66 0.27425
56 67 0.47020
56 69 0.38873
56 74 0.03038
56 75 0.75883
56 77 0.34467
56 79 0.58729
56 80 0.40015
56 81 0.08046
56 84 0.12613
56 85 0.28266
56 86 0.74812
56 88 0.41924
56 90 0.41384
56 92 0.78987
56 93 0.28877
56 96 0.46059
56 99 0.06990
57 0 0.16384
57 1 0.10607
57 2 0.55923
57 3 0.68099
57 6 0.17831
57 7 0.62665
57 8 0.50757
57 12 0.68003
57 18 0.97097
57 19 0.59332
57 20 0.64026
57 21 0.12556
57 22 0.05673
57 23 0.81370
57 25 0.52031
57 28 0.88217
57 29 0.50495
57 31 0.32364
57 32 0.43526
57 34 0.16653
57 35 0.97608
57 36 0.16339
57 37 0.43452
57 40 0.23189
57 41 0.83247
57 46 0.96903
57 47 0.90146
57 48 0.32782
57 49 0.42102
57 54 0.42038
57 56 0.33759
57 63 0.20660
57 66 0.36724
57 68 0.23179
57 70 0.26344
57 73 0.30984
57 75 0.00753
57 77 0.25206
57 79 0.57615
57 80 0.82385
57 83 0.94602
57 86 0.43760
57 89 0.24270
57 92 0.62590
57 93 0.28288
57 95 0.84586
57 97 0.99648
57 98 0.28553
58 0 0.15787
58 1 0.86662
58 3 0.41688
58 5 0.59353
58 8 0.51483
58 15 0.07499
58 16 0.27970
58 17 0.16851
58 19 0.56891
58 20 0.23579
58 21 0.37587
58 22 0.78282
58 23 0.13890
58 26 0.47655
58 27 0.25802
58 28 0.34666
58 31 0.43567
58 35 0.14546
58 36 0.99473
58 40 0.13637
58 41 0.64816
58 46 0.92239
58 49 0.73332
58 50 0.58389
58 55 0.13718
58 56 0.05777
58 62 0.13109
58 66 0.38997
58 68 0.64319
58 70 0.27996
58 71 0.36466
58 77 0.33159
58 80 0.00625
58 81 0.40702
58 82 0.03551
58 90 0.41317
59 0 0.13515
59 1 0.72240
59 2 0.87107
59 3 0.43768
59 6 0.00918
59 10 0.80942
59 11 0.12946
59 13 0.50492
59 15 0.18031
59 18 0.33965
59 19 0.21724
59 21 0.72864
59 25 0.98040
59 32 0.26326
59 34 0.55584
59 39 0.52897
59 41 0.73939
59 43 0.89119
59 45 0.77570
59 46 0.99758
59 49 0.01809
59 51 0.43127
59 52 0.98126
59 59 0.53880
59 60 0.02653
59 61 0.43824
59 64 0.68245
59 65 0.32002
59 67 0.95006
59 69 0.36580
59 71 0.65853
59 72 0.03659
59 75 0.11054
59 77 0.69940
59 78 0.61171
59 79 0.50418
59 81 0.13390
59 83 0.45543
59 84 0.04168
59 86 0.57422
59 87 0.41232
59 88 0.73361
59 91 0.40988
59 92 0.98984
59 94 0.04594
59 98 0.28579
60 0 0.84190
60 1 0.30701
60 2 0.95810
60 3 0.01618
60 4 0.88034
60 6 0.73577
60 7 0.73860
60 8 0.93255
60 9 0.65922
60 10 0.15774
60 11 0.89519
60 13 0.09038
60 14 0.02035
60 15 0.64450
60 17 0.71384
60 18 0.98787
60 19 0.20037
60 20 0.98827
60 21 0.86897
60 22 0.13265
60 24 0.75120
60 26 0.66171
60 29 0.46526
60 30 0.77413
60 31 0.39948
60 35 0.79667
60 36 0.12264
60 38 0.24170
60 39 0.70145
60 40 0.54992
60 41 0.47449
60 44 0.06974
60 45 0.91177
60 46 0.89256
60 47 0.28139
60 48 0.11219
60 49 0.51244
60 52 0.68718
60 53 0.76513
60 54 0.57545
60 55 0.08756
60 57 0.18167
60 58 0.96176
60 63 0.85418
60 64 0.96205
60 66 0.55744
60 67 0.11413
60 70 0.98023
60 72 0.45195
60 74 0.36213
60 75 0.21094
60 76 0.97821
60 78 0.09528
60 79 0.40635
60 82 0.55729
60 83 0.62495
60 86 0.15878
60 88 0.01547
60 92 0.67450
60 93 0.45816
60 94 0.41224
60 95 0.27799
60 96 0.43043
60 97 0.62700
60 99 0.52452
61 2 0.95224
61 3 0.13546
61 5 0.44447
61 10 0.24175
61 12 0.41880
61 13 0.14316
61 14 0.30754
61 15 0.24524
61 16 0.77491
61 18 0.55504
61 20 0.25661
61 23 0.47524
61 24 0.71346
61 25 0.03229
61 27 0.10695
61 28 0.10655
61 29 0.57950
61 31 0.14390
61 33 0.70761
61 34 0.73482
61 39 0.88192
61 43 0.67258
61 45 0.23374
61 47 0.54279
61 48 0.55286
61 49 0.08684
61 51 0.62657
61 52 0.81421
61 53 0.80903
61 54 0.03120
61 56 0.87751
61 57 0.47744
61 58 0.01821
61 61 0.14694
61 63 0.70058
61 64 0.28647
61 66 0.20847
61 67 0.15356
61 72 0.32480
61 73 0.01109
61 79 0.29146
61 81 0.72869
61 83 0.12233
61 85 0.76943
61 86 0.76473
61 87 0.13327
61 88 0.30020
61 89 0.56222
61 90 0.85978
61 93 0.46216
61 94 0.76218
61 95 0.40644
61 96 0.09353
61 97 0.16594
61 98 0.28404
61 99 0.85352
62 10 0.57073
62 14 0.42087
62 15 0.66010
62 16 0.99728
62 17 0.45906
62 18 0.28203
62 19 0.86506
62 21 0.08199
62 23 0.30438
62 27 0.45121
62 29 0.46213
62 33 0.38481
62 35 0.63162
62 37 0.56535
62 39 0.04650
62 42 0.15145
62 43 0.93275
62 44 0.06034
62 45 0.33292
62 46 0.34729
62 47 0.50784
62 48 0.32107
62 51 0.71002
62 53 0.56001
62 54 0.35778
62 56 0.32808
62 57 0.85634
62 58 0.25936
62 63 0.93747
62 66 0.44457
62 67 0.61945
62 69 0.95743
62 72 0.67926
62 74 0.93544
62 75 0.00805
62 77 0.27465
62 79 0.50839
62 80 0.19528
62 84 0.14560
62 88 0.76361
62 89 0.68721
62 90 0.35947
62 93 0.96191
63 0 0.62218
63 1 0.21702
63 2 0.27197
63 3 0.02077
63 5 0.50492
63 6 0.85651
63 8 0.86166
63 9 0.58876
63 10 0.46071
63 13 0.25322
63 14 0.91681
63 16 0.21927
63 19 0.99612
63 20 0.87374
63 28 0.68524
63 31 0.72236
63 34 0.36396
63 36 0.84812
63 37 0.57694
63 38 0.07713
63 40 0.66140
63 41 0.15871
63 44 0.68091
63 46 0.48374
63 47 0.85394
63 49 0.36001
63 50 0.28029
63 52 0.84616
63 54 0.84866
63 55 0.28210
63 58 0.06150
63 59 0.35556
63 60 0.84242
63 62 0.74163
63 63 0.06772
63 65 0.94361
63 66 0.23238
63 69 0.66788
63 70 0.87860
63 75 0.44046
63 76 0.98217
63 81 0.62452
63 84 0.76176
63 87 0.83351
63 89 0.13758
63 90 0.09237
63 91 0.57606
63 92 0.60129
63 93 0.94800
63 97 0.20376
64 1 0.59176
64 2 0.94888
64 3 0.35284
64 8 0.18677
64 9 0.99974
64 11 0.16289
64 12 0.42792
64 16 0.06447
64 22 0.86258
64 23 0.46065
64 24 0.58938
64 25 0.16325
64 29 0.46754
64 30 0.90431
64 33 0.51383
64 34 0.36179
64 36 0.40089
64 37 0.33165
64 38 0.84748
64 42 0.88387
64 43 0.68882
64 44 0.23501
64 46 0.18139
64 47 0.19661
64 48 0.33292
64 50 0.04781
64 51 0.84654
64 53 0.75606
64 59 0.08573
64 62 0.41937
64 63 0.59528
64 65 0.71439
64 68 0.52533
64 70 0.15658
64 71 0.97069
64 74 0.25496
64 75 0.64860
64 78 0.43586
64 82 0.45596
64 84 0.95949
64 85 0.47601
64 86 0.86639
64 87 0.72313
64 88 0.47970
64 91 0.21675
64 92 0.10330
64 93 0.32011
64 94 0.84714
64 99 0.51133
65 2 0.74933
65 4 0.89844
65 6 0.98915
65 7 0.62363
65 8 0.05719
65 13 0.13636
65 15 0.48034
65 16 0.41588
65 20 0.49866
65 27 0.61928
65 28 0.00638
65 29 0.10024
65 32 0.02492
65 33 0.55157
65 34 0.95438
65 35 0.11709
65 36 0.87419
65 37 0.38030
65 38 0.57859
65 40 0.52985
65 42 0.59150
65 44 0.40753
65 47 0.43126
65 48 0.64117
65 55 0.90648
65 56 0.02030
65 57 0.50299
65 59 0.91890
65 60 0.88753
65 61 0.42360
65 63 0.09670
65 64 0.64954
65 65 0.46332
65 67 0.32453
65 73 0.62910
65 74 0.49355
65 75 0.95578
65 78 0.11379
65 79 0.26687
65 81 0.11748
65 82 0.72490
65 89 0.42656
65 91 0.50176
65 93 0.11094
65 96 0.98479
66 0 0.12681
66 1 0.61504
66 3 0.46755
66 4 0.12392
66 5 0.12674
66 7 0.40763
66 12 0.37306
66 13 0.75548
66 15 0.74804
66 16 0.74291
66 17 0.00490
66 18 0.54088
66 22 0.61582
66 23 0.79797
66 25 0.72220
66 26 0.49715
66 28 0.86231
66 29 0.48247
66 30 0.38946
66 31 0.22344
66 32 0.52484
66 33 0.42423
66 39 0.15162
66 42 0.85854
66 43 0.97125
66 44 0.60285
66 48 0.44240
66 49 0.10019
66 51 0.29825
66 52 0.72514
66 54 0.62293
66 58 0.46707
66 60 0.54550
66 61 0.14561
66 62 0.47871
66 64 0.11795
66 65 0.64097
66 66 0.22444
66 67 0.56309
66 68 0.30171
66 70 0.80870
66 71 0.54683
66 72 0.29460
66 75 0.93505
66 76 0.61668
66 77 0.38061
66 80 0.56794
66 87 0.50555
66 88 0.48919
66 94 0.43402
66 95 0.06736
66 97 0.11274
66 98 0.02804
66 99 0.34902
67 1 0.73716
67 2 0.33873
67 4 0.83333
67 5 0.21453
67 10 0.91389
67 13 0.23815
67 14 0.19975
67 15 0.25860
67 16 0.25750
67 23 0.92497
67 25 0.85456
67 26 0.68832
67 29 0.91625
67 33 0.10112
67 35 0.10859
67 36 0.82747
67 39 0.57637
67 41 0.75513
67 42 0.36257
67 43 0.50738
67 46 0.94246
67 49 0.41145
67 51 0.69384
67 52 0.40322
67 56 0.33534
67 57 0.28653
67 59 0.69109
67 60 0.93458
67 62 0.50679
67 66 0.67028
67 67 0.68453
67 70 0.63226
67 71 0.96126
67 72 0.42101
67 75 0.04339
67 78 0.93524
67 80 0.87296
67 81 0.26969
67 83 0.57120
67 84 0.93951
67 86 0.71187
67 87 0.79981
67 89 0.51033
67 90 0.74699
67 91 0.52386
67 94 0.05787
67 98 0.42920
68 2 0.58138
68 5 0.86804
68 6 0.57852
68 7 0.34404
68 8 0.05566
68 9 0.36022
68 10 0.48888
68 11 0.52753
68 12 0.92061
68 14 0.44134
68 18 0.81831
68 20 0.89015
68 24 0.62089
68 26 0.19000
68 28 0.47167
68 29 0.70855
68 31 0.70410
68 32 0.14326
68 39 0.17934
68 40 0.45776
68 41 0.16205
68 42 0.66728
68 43 0.12730
68 44 0.96447
68 45 0.04461
68 48 0.60662
68 49 0.51651
68 51 0.26053
68 53 0.14001
68 55 0.26398
68 60 0.46974
68 64 0.30862
68 68 0.08840
68 69 0.05225
68 73 0.07339
68 74 0.74096
68 75 0.58211
68 77 0.45553
68 78 0.78401
68 79 0.30328
68 80 0.98258
68 82 0.16616
68 83 0.87270
68 84 0.85134
68 85 0.82808
68 90 0.34323
68 91 0.92563
68 99 0.62761
69 4 0.14533
69 5 0.01682
69 9 0.38289
69 10 0.81996
69 11 0.79716
69 12 0.56896
69 18 0.59236
69 19 0.02125
69 20 0.00983
69 22 0.77767
69 23 0.51307
69 24 0.46819
69 25 0.99443
69 27 0.22499
69 29 0.83197
69 33 0.73178
69 34 0.56087
69 35 0.56991
69 36 0.18180
69 37 0.92730
69 38 0.88197
69 40 0.40231
69 42 0.39577
69 43 0.17330
69 44 0.94316
69 45 0.70674
69 47 0.23252
69 49 0.09803
69 51 0.44482
69 52 0.07841
69 53 0.86135
69 55 0.91953
69 58 0.73234
69 59 0.05885
69 61 0.57396
69 68 0.06646
69 69 0.60507
69 70 0.86787
69 71 0.23183
69 72 0.03662
69 73 0.43008
69 74 0.64377
69 77 0.12583
69 78 0.03621
69 79 0.11939
69 80 0.68920
69 81 0.15368
69 83 0.08964
69 88 0.79328
69 92 0.40864
69 93 0.18304
69 96 0.35475
69 97 0.94001
70 0 0.66714
70 5 0.25092
70 6 0.28936
70 7 0.71803
70 8 0.19425
70 9 0.35869
70 10 0.20368
70 11 0.93023
70 12 0.12341
70 13 0.54314
70 15 0.25247
70 17 0.46612
70 19 0.67928
70 20 0.59793
70 22 0.51203
70 23 0.01490
70 24 0.27751
70 33 0.73894
70 38 0.87867
70 41 0.79543
70 43 0.48166
70 55 0.20540
70 56 0.07672
70 58 0.64469
70 59 0.65020
70 62 0.95264
70 64 0.61351
70 66 0.99993
70 68 0.42123
70 71 0.39165
70 73 0.22559
70 75 0.58766
70 77 0.34059
70 81 0.22104
70 82 0.92115
70 85 0.04339
70 87 0.94896
70 88 0.70311
70 89 0.37318
70 91 0.91386
70 93 0.79943
70 94 0.18845
70 96 0.71730
70 99 0.90934
71 3 0.52684
71 5 0.54138
71 7 0.76056
71 10 0.24227
71 12 0.47437
71 14 0.83388
71 15 0.44738
71 22 0.37900
71 23 0.71363
71 28 0.41940
71 30 0.62711
71 31 0.31204
71 36 0.84090
71 38 0.30512
71 45 0.16918
71 47 0.49683
71 49 0.50218
71 50 0.35255
71 51 0.47214
71 55 0.88059
71 57 0.93422
71 59 0.24962
71 61 0.16381
71 67 0.83782
71 69 0.85359
71 72 0.78330
71 73 0.30812
71 78 0.59364
71 83 0.97942
71 85 0.61712
71 87 0.73099
71 88 0.10052
71 90 0.37855
71 92 0.26145
71 94 0.83242
71 96 0.40397
71 97 0.16422
71 98 0.44449
71 99 0.19673
72 4 0.99184
72 5 0.13135
72 7 0.83498
72 9 0.96400
72 12 0.39920
72 13 0.94671
72 17 0.97082
72 23 0.73821
72 24 0.26844
72 25 0.75798
72 28 0.91892
72 29 0.05365
72 31 0.37852
72 34 0.67396
72 35 0.48224
72 36 0.79809
72 37 0.81177
72 38 0.02527
72 40 0.48493
72 41 0.00003
72 42 0.60518
72 44 0.59207
72 46 0.04873
72 48 0.24843
72 49 0.15841
72 55 0.96667
72 56 0.87854
72 60 0.54249
72 61 0.92022
72 62 0.70243
72 65 0.26397
72 70 0.61717
72 71 0.05254
72 72 0.10890
72 73 0.15673
72 76 0.66263
72 80 0.99319
72 82 0.83198
72 87 0.93678
72 88 0.89440
72 90 0.56207
72 92 0.22233
72 94 0.03591
72 96 0.99188
73 1 0.22960
73 3 0.71183
73 6 0.56013
73 7 0.49770
73 8 0.43585
73 11 0.82908
73 12 0.57597
73 14 0.10890
73 15 0.15402
73 17 0.53037
73 18 0.09611
73 20 0.95269
73 22 0.53053
73 23 0.29809
73 24 0.68133
73 26 0.01596
73 27 0.60305
73 31 0.78243
73 32 0.65450
73 35 0.99931
73 37 0.61590
73 38 0.72878
73 39 0.85539
73 41 0.57861
73 46 0.62401
73 47 0.14096
73 51 0.38613
73 52 0.29727
73 53 0.11180
73 54 0.05917
73 58 0.41753
73 60 0.10023
73 61 0.14509
73 62 0.87490
73 63 0.98619
73 65 0.58397
73 66 0.18459
73 68 0.14146
73 70 0.70861
73 71 0.10745
73 74 0.09936
73 76 0.33847
73 77 0.85184
73 78 0.75627
73 79 0.50462
73 83 0.20255
73 84 0.40567
73 87 0.51966
73 89 0.61828
73 91 0.43362
73 95 0.40853
73 96 0.20505
73 97 0.90142
73 99 0.11004
74 0 0.72510
74 1 0.80107
74 2 0.27324
74 3 0.36307
74 5 0.22387
74 10 0.95698
74 11 0.97091
74 14 0.13469
74 16 0.16732
74 17 0.37259
74 18 0.05415
74 23 0.41834
74 24 0.14582
74 25 0.36886
74 26 0.12706
74 28 0.72423
74 37 0.99771
74 38 0.44462
74 39 0.66565
74 41 0.54944
74 42 0.91830
74 45 0.13431
74 49 0.45036
74 50 0.16992
74 52 0.80059
74 53 0.47202
74 55 0.16506
74 57 0.61966
74 58 0.73826
74 63 0.87820
74 68 0.87582
74 69 0.49449
74 70 0.05033
74 71 0.84510
74 76 0.26888
74 77 0.00117
74 79 0.29657
74 83 0.32223
74 85 0.50898
74 86 0.49186
74 87 0.03019
74 88 0.15129
74 89 0.40046
74 93 0.20922
74 94 0.83109
74 96 0.25202
75 0 0.13824
75 3 0.92215
75 5 0.62346
75 7 0.03217
75 8 0.18301
75 11 0.24377
75 12 0.58942
75 13 0.58192
75 18 0.77254
75 19 0.83184
75 21 0.75269
75 22 0.10157
75 23 0.27036
75 26 0.88814
75 29 0.38066
75 30 0.20326
75 31 0.56060
75 32 0.87785
75 36 0.52419
75 37 0.40504
75 39 0.86364
75 41 0.37206
75 42 0.10751
75 44 0.83246
75 45 0.90578
75 47 0.17404
75 48 0.41183
75 49 0.84539
75 50 0.20346
75 52 0.27608
75 54 0.22974
75 55 0.58002
75 56 0.48684
75 59 0.60404
75 61 0.46595
75 62 0.88590
75 63 0.01156
75 70 0.69566
75 71 0.98292
75 74 0.16117
75 75 0.79327
75 76 0.99216
75 79 0.07502
75 80 0.84024
75 81 0.10265
75 83 0.41013
75 84 0.53434
75 86 0.42059
75 88 0.99918
75 89 0.73663
75 90 0.47050
75 91 0.68528
75 92 0.19149
75 94 0.44016
75 95 0.50463
75 96 0.70835
75 98 0.14566
75 99 0.94460
76 0 0.40229
76 2 0.04414
76 4 0.67371
76 5 0.42880
76 6 0.25477
76 7 0.87933
76 8 0.94334
76 9 0.42673
76 11 0.75879
76 12 0.28392
76 16 0.36281
76 22 0.17042
76 23 0.41752
76 26 0.97048
76 30 0.60498
76 31 0.92599
76 33 0.97661
76 36 0.18920
76 37 0.16648
76 38 0.76579
76 41 0.11361
76 42 0.08493
76 43 0.74659
76 44 0.59693
76 45 0.49910
76 50 0.24567
76 55 0.34775
76 56 0.15525
76 57 0.38557
76 60 0.96431
76 61 0.27608
76 63 0.77003
76 64 0.54381
76 66 0.68784
76 68 0.59686
76 70 0.35555
76 71 0.66154
76 72 0.22045
76 74 0.75116
76 76 0.79352
76 79 0.50278
76 80 0.79986
76 83 0.73324
76 85 0.27528
76 86 0.42252
76 88 0.99465
76 89 0.65012
76 91 0.93276
76 93 0.57048
76 94 0.78252
76 95 0.28822
76 96 0.70861
76 97 0.09924
77 0 0.44262
77 3 0.44087
77 4 0.05289
77 7 0.92413
77 8 0.14205
77 10 0.26613
77 11 0.74023
77 13 0.16755
77 14 0.60171
77 15 0.28851
77 17 0.27612
77 19 0.75159
77 20 0.50302
77 21 0.24012
77 22 0.12807
77 23 0.83962
77 24 0.97166
77 25 0.57020
77 26 0.45672
77 27 0.31714
77 28 0.58566
77 34 0.01362
77 35 0.97038
77 36 0.13876
77 38 0.03360
77 41 0.86223
77 43 0.18898
77 45 0.07965
77 46 0.81002
77 47 0.21486
77 53 0.62446
77 54 0.52854
77 55 0.67476
77 56 0.55866
77 59 0.07576
77 61 0.46787
77 65 0.30269
77 66 0.22248
77 68 0.43662
77 73 0.51932
77 75 0.46632
77 78 0.58747
77 79 0.48558
77 80 0.47109
77 81 0.40704
77 82 0.11015
77 87 0.38473
77 89 0.49975
77 90 0.11934
77 91 0.41361
77 92 0.45182
77 93 0.29948
77 96 0.68040
77 99 0.57663
78 8 0.38425
78 10 0.73967
78 14 0.27538
78 16 0.92626
78 17 0.98114
78 23 0.87773
78 26 0.85646
78 27 0.55643
78 29 0.60224
78 31 0.11687
78 35 0.82911
78 36 0.77694
78 37 0.08092
78 39 0.66035
78 41 0.00760
78 43 0.20270
78 44 0.78476
78 45 0.70234
78 46 0.49037
78 50 0.58965
78 53 0.07571
78 54 0.71632
78 55 0.70755
78 60 0.97046
78 64 0.84882
78 67 0.88251
78 68 0.42393
78 70 0.59388
78 72 0.45536
78 74 0.71999
78 75 0.76360
78 77 0.38963
78 78 0.92134
78 79 0.43544
78 81 0.48607
78 82 0.65164
78 83 0.64744
78 84 0.47561
78 85 0.71134
78 86 0.15543
78 87 0.24896
78 88 0.97270
78 90 0.47052
78 91 0.96244
78 94 0.12203
78 95 0.35512
78 97 0.36862
78 99 0.25098
79 0 0.87063
79 3 0.26441
79 4 0.46045
79 8 0.37527
79 13 0.89156
79 17 0.86874
79 18 0.22053
79 19 0.37581
79 27 0.44158
79 29 0.02494
79 30 0.31004
79 33 0.28697
79 34 0.08767
79 39 0.79453
79 41 0.09829
79 42 0.91155
79 44 0.27022
79 46 0.02007
79 47 0.64105
79 50 0.40393
79 51 0.86879
79 52 0.38668
79 54 0.81210
79 55 0.50976
79 56 0.47320
79 60 0.65579
79 64 0.74110
79 66 0.70377
79 70 0.90267
79 74 0.31854
79 75 0.26734
79 77 0.83125
79 80 0.27255
79 81 0.38960
79 82 0.05754
79 83 0.57911
79 89 0.88035
79 90 0.30891
79 92 0.21249
79 98 0.23685
79 99 0.68579
80 1 0.92453
80 2 0.58796
80 3 0.77393
80 4 0.66423
80 7 0.71429
80 8 0.44926
80 9 0.77196
80 11 0.64127
80 14 0.71211
80 15 0.16866
80 16 0.68642
80 17 0.73166
80 21 0.02571
80 23 0.80465
80 24 0.10670
80 26 0.21317
80 29 0.46554
80 34 0.11996
80 35 0.77741
80 36 0.01869
80 38 0.27921
80 39 0.16518
80 40 0.30566
80 41 0.68365
80 43 0.33010
80 45 0.33350
80 47 0.86959
80 51 0.56341
80 52 0.74074
80 53 0.76263
80 54 0.43243
80 58 0.16226
80 62 0.47022
80 65 0.54092
80 67 0.08574
80 68 0.60059
80 69 0.41422
80 71 0.37501
80 73 0.14657
80 74 0.63840
80 75 0.43376
80 76 0.77717
80 79 0.23003
80 80 0.20444
80 81 0.65401
80 83 0.75428
80 84 0.53401
80 87 0.15736
80 89 0.37676
80 92 0.41535
80 97 0.12402
80 98 0.14094
81 0 0.71402
81 1 0.10377
81 2 0.76784
81 4 0.04172
81 5 0.46718
81 6 0.39795
81 9 0.73020
81 10 0.86522
81 13 0.74391
81 14 0.73533
81 17 0.76482
81 18 0.17564
81 20 0.60164
81 21 0.31278
81 32 0.56419
81 34 0.03845
81 35 0.30923
81 36 0.02663
81 37 0.83675
81 38 0.36339
81 39 0.97422
81 42 0.34225
81 43 0.85437
81 47 0.04254
81 48 0.66012
81 49 0.60330
81 51 0.97673
81 54 0.15026
81 56 0.41561
81 57 0.93994
81 58 0.94767
81 60 0.19212
81 61 0.02486
81 63 0.16428
81 64 0.79235
81 66 0.42271
81 68 0.25197
81 69 0.49413
81 72 0.11262
81 73 0.23745
81 74 0.17145
81 77 0.56722
81 78 0.37234
81 79 0.91013
81 82 0.48403
81 85 0.74677
81 86 0.53492
81 87 0.51164
81 89 0.32275
81 91 0.02134
81 92 0.40449
81 95 0.92855
81 96 0.91197
81 97 0.91778
81 98 0.07508
81 99 0.46943
82 0 0.92320
82 2 0.57732
82 11 0.84532
82 13 0.66296
82 14 0.00587
82 15 0.52457
82 16 0.92380
82 18 0.69892
82 21 0.93018
82 24 0.31962
82 26 0.93001
82 27 0.61541
82 29 0.75930
82 30 0.89921
82 31 0.14026
82 32 0.95498
82 33 0.32907
82 34 0.00722
82 35 0.98200
82 36 0.21125
82 38 0.00837
82 41 0.73910
82 42 0.93501
82 43 0.62492
82 44 0.08017
82 45 0.09993
82 46 0.84947
82 47 0.02923
82 48 0.75791
82 49 0.99967
82 52 0.03743
82 56 0.37855
82 57 0.52520
82 60 0.71935
82 62 0.71646
82 64 0.42076
82 65 0.75911
82 68 0.33741
82 72 0.92786
82 73 0.49498
82 74 0.87614
82 75 0.06221
82 81 0.00394
82 84 0.14675
82 85 0.75631
82 86 0.56017
82 87 0.84332
82 88 0.58942
82 91 0.60460
82 92 0.44757
82 94 0.85329
82 95 0.09538
82 96 0.61495
82 97 0.36103
82 98 0.59572
83 0 0.32093
83 1 0.66229
83 2 0.25939
83 3 0.57316
83 4 0.08710
83 7 0.23656
83 9 0.30964
83 10 0.75176
83 11 0.98288
83 12 0.27816
83 13 0.86458
83 15 0.41686
83 19 0.05848
83 21 0.57252
83 25 0.62130
83 26 0.63240
83 27 0.29419
83 31 0.57852
83 32 0.69248
83 34 0.25445
83 35 0.99885
83 36 0.77768
83 39 0.04402
83 40 0.95729
83 43 0.79674
83 44 0.71576
83 45 0.55449
83 46 0.52843
83 51 0.59591
83 53 0.65228
83 60 0.40740
83 61 0.85668
83 62 0.16141
83 65 0.27495
83 67 0.20876
83 68 0.11154
83 70 0.86286
83 71 0.70596
83 73 0.78406
83 75 0.62268
83 76 0.39619
83 78 0.23381
83 79 0.95323
83 81 0.86318
83 84 0.96458
83 85 0.80575
83 91 0.65784
83 93 0.94891
83 94 0.90150
83 96 0.58013
83 97 0.93819
83 98 0.00333
84 0 0.09241
84 1 0.35996
84 2 0.54128
84 4 0.12187
84 6 0.69012
84 8 0.70795
84 10 0.82129
84 13 0.45260
84 14 0.02479
84 16 0.41274
84 17 0.77160
84 18 0.76340
84 19 0.73217
84 21 0.72508
84 22 0.68077
84 23 0.91835
84 25 0.41841
84 27 0.37480
84 28 0.87327
84 30 0.38428
84 34 0.16934
84 36 0.30948
84 37 0.44858
84 39 0.01731
84 44 0.01753
84 46 0.06232
84 48 0.91915
84 49 0.15421
84 55 0.44239
84 56 0.54166
84 58 0.04605
84 59 0.89528
84 60 0.22324
84 65 0.47800
84 68 0.88156
84 69 0.92196
84 72 0.96595
84 79 0.47299
84 80 0.92841
84 81 0.58471
84 82 0.96255
84 85 0.11946
84 86 0.40381
84 87 0.06929
84 88 0.86474
84 89 0.53189
84 90 0.13000
84 92 0.38266
84 94 0.26332
84 96 0.83779
84 98 0.03593
85 1 0.83521
85 2 0.61889
85 5 0.85307
85 6 0.95088
85 7 0.62749
85 9 0.20570
85 12 0.33039
85 13 0.29238
85 14 0.50680
85 15 0.72532
85 16 0.46434
85 18 0.02988
85 19 0.83644
85 20 0.48591
85 21 0.59879
85 22 0.66443
85 25 0.05634
85 26 0.46325
85 27 0.73119
85 28 0.66292
85 30 0.80846
85 32 0.47130
85 35 0.98633
85 38 0.50331
85 40 0.86454
85 42 0.31284
85 43 0.51352
85 47 0.50174
85 51 0.79325
85 54 0.01842
85 56 0.19095
85 59 0.73842
85 62 0.99911
85 63 0.91625
85 64 0.67779
85 65 0.18051
85 67 0.94847
85 70 0.59225
85 72 0.89694
85 73 0.18264
85 76 0.99780
85 78 0.33335
85 79 0.55024
85 81 0.09575
85 82 0.83653
85 83 0.47471
85 86 0.76047
85 88 0.17260
85 89 0.73042
85 90 0.69032
85 91 0.78253
85 95 0.86562
85 96 0.96272
85 98 0.62209
86 1 0.51876
86 3 0.86009
86 6 0.29404
86 7 0.27816
86 8 0.73474
86 9 0.03526
86 11 0.84493
86 14 0.21521
86 16 0.74882
86 17 0.56286
86 19 0.42551
86 20 0.03856
86 21 0.10831
86 24 0.83526
86 26 0.80990
86 27 0.51173
86 29 0.47726
86 30 0.00559
86 31 0.19002
86 33 0.67502
86 34 0.87152
86 36 0.70971
86 38 0.25979
86 39 0.15155
86 40 0.75759
86 43 0.73292
86 47 0.23066
86 48 0.21903
86 51 0.27997
86 55 0.64721
86 56 0.13963
86 59 0.68939
86 60 0.52775
86 64 0.28524
86 69 0.84909
86 74 0.58030
86 77 0.10941
86 80 0.38600
86 81 0.29131
86 83 0.55766
86 85 0.91784
86 86 0.38802
86 88 0.70991
86 89 0.41188
86 90 0.45807
86 92 0.72591
86 93 0.52954
86 94 0.48975
86 95 0.99591
86 96 0.67237
86 97 0.07824
86 99 0.16551
87 0 0.62090
87 4 0.22953
87 5 0.06122
87 6 0.69852
87 8 0.44764
87 9 0.46883
87 12 0.65833
87 14 0.08641
87 16 0.62742
87 17 0.51675
87 18 0.19573
87 20 0.61319
87 21 0.18315
87 24 0.57502
87 26 0.32714
87 27 0.53785
87 28 0.40679
87 33 0.77563
87 37 0.35368
87 39 0.48070
87 46 0.26256
87 47 0.88562
87 49 0.28325
87 50 0.68041
87 54 0.84152
87 56 0.47168
87 57 0.36670
87 58 0.23866
87 59 0.26232
87 61 0.35864
87 62 0.78535
87 65 0.97509
87 66 0.45245
87 67 0.47457
87 68 0.45587
87 70 0.12985
87 71 0.10498
87 73 0.22715
87 75 0.92401
87 77 0.06143
87 80 0.58056
87 81 0.66857
87 84 0.77956
87 85 0.04181
87 86 0.43769
87 88 0.83704
87 89 0.80329
87 92 0.41070
87 95 0.16303
87 97 0.50966
87 99 0.36128
88 2 0.27824
88 4 0.67683
88 6 0.13067
88 8 0.30750
88 10 0.49633
88 11 0.82724
88 12 0.60580
88 13 0.10262
88 14 0.40103
88 16 0.94821
88 17 0.91380
88 22 0.58962
88 23 0.93477
88 24 0.14966
88 27 0.58115
88 28 0.32259
88 32 0.56238
88 34 0.64412
88 35 0.14368
88 37 0.57988
88 39 0.86795
88 40 0.50742
88 41 0.25276
88 44 0.07896
88 45 0.99964
88 51 0.35136
88 52 0.36574
88 58 0.54159
88 59 0.68358
88 60 0.46579
88 61 0.62518
88 62 0.26792
88 64 0.15049
88 67 0.40594
88 68 0.88651
88 70 0.70512
88 72 0.05644
88 73 0.62777
88 76 0.31971
88 78 0.63767
88 79 0.72224
88 87 0.35136
88 89 0.46080
88 90 0.76792
88 91 0.20788
88 92 0.37489
88 93 0.33434
88 95 0.17463
88 96 0.75758
88 98 0.94199
88 99 0.66851
89 0 0.02707
89 1 0.12079
89 2 0.02112
89 3 0.89519
89 4 0.80006
89 5 0.65512
89 9 0.35526
89 14 0.97502
89 15 0.67220
89 16 0.55893
89 17 0.96381
89 22 0.75371
89 25 0.40823
89 26 0.00753
89 27 0.85315
89 29 0.46167
89 32 0.46758
89 34 0.75421
89 36 0.04634
89 42 0.32218
89 43 0.75514
89 44 0.18761
89 45 0.40434
89 46 0.46339
89 50 0.81464
89 51 0.87041
89 52 0.93091
89 53 0.14052
89 54 0.65363
89 55 0.04688
89 56 0.34130
89 59 0.93744
89 62 0.94962
89 63 0.97792
89 65 0.09402
89 67 0.64190
89 68 0.98379
89 73 0.57269
89 77 0.19567
89 79 0.64672
89 80 0.11660
89 81 0.31946
89 83 0.03654
89 89 0.74212
89 91 0.47184
89 95 0.42506
89 99 0.13033
90 2 0.10128
90 3 0.48477
90 4 0.63893
90 5 0.50237
90 6 0.42797
90 8 0.52190
90 13 0.91553
90 20 0.85801
90 24 0.08809
90 25 0.97177
90 26 0.43181
90 27 0.55208
90 30 0.23547
90 31 0.98912
90 32 0.61639
90 33 0.62489
90 34 0.15136
90 35 0.27269
90 39 0.69224
90 44 0.00172
90 47 0.55628
90 49 0.27740
90 50 0.46451
90 51 0.16890
90 53 0.56682
90 54 0.27329
90 56 0.63959
90 57 0.30896
90 61 0.22885
90 62 0.09087
90 63 0.84172
90 65 0.78341
90 67 0.10909
90 68 0.87703
90 70 0.33948
90 72 0.55480
90 74 0.07584
90 78 0.67080
90 81 0.89796
90 82 0.56779
90 83 0.13423
90 87 0.07237
90 93 0.01769
90 96 0.56720
90 98 0.99422
91 0 0.64251
91 2 0.83275
91 4 0.83072
91 6 0.11798
91 8 0.70683
91 11 0.71033
91 12 0.22198
91 14 0.70515
91 17 0.27104
91 20 0.76739
91 23 0.91714
91 24 0.55634
91 25 0.09719
91 26 0.56393
91 29 0.89050
91 32 0.85743
91 33 0.97787
91 35 0.05200
91 39 0.69187
91 40 0.56647
91 43 0.10496
91 47 0.08201
91 48 0.17661
91 50 0.03644
91 51 0.15062
91 52 0.89721
91 56 0.24170
91 58 0.35528
91 61 0.83049
91 62 0.35478
91 65 0.27963
91 70 0.74884
91 71 0.23728
91 72 0.91563
91 77 0.59052
91 78 0.07902
91 80 0.64922
91 82 0.62825
91 86 0.50411
91 87 0.94961
91 89 0.22819
91 90 0.65774
91 91 0.59931
91 92 0.18160
91 93 0.10924
91 94 0.86375
91 95 0.33059
91 97 0.05051
91 98 0.79728
92 1 0.07248
92 3 0.19785
92 4 0.91600
92 5 0.37576
92 6 0.93627
92 7 0.02794
92 9 0.16239
92 11 0.61518
92 13 0.99042
92 14 0.74653
92 15 0.31225
92 17 0.97613
92 18 0.32663
92 19 0.47866
92 20 0.14477
92 21 0.01905
92 22 0.92502
92 24 0.57283
92 27 0.25651
92 28 0.72344
92 30 0.52246
92 32 0.87410
92 34 0.87453
92 35 0.12869
92 40 0.09252
92 43 0.40522
92 45 0.93828
92 47 0.74222
92 48 0.96183
92 49 0.36844
92 50 0.73226
92 53 0.71826
92 54 0.55748
92 56 0.45681
92 57 0.07117
92 59 0.18651
92 62 0.21944
92 64 0.56146
92 65 0.31281
92 67 0.41710
92 68 0.62167
92 69 0.14010
92 71 0.03928
92 73 0.16623
92 75 0.92903
92 77 0.67431
92 84 0.90700
92 85 0.79707
92 86 0.72616
92 88 0.38839
92 89 0.26659
92 90 0.55741
92 93 0.71463
92 97 0.44082
92 98 0.24002
93 0 0.00172
93 1 0.52960
93 2 0.50332
93 3 0.69847
93 5 0.67224
93 6 0.30438
93 8 0.67710
93 10 0.12166
93 12 0.97514
93 13 0.01094
93 14 0.90464
93 18 0.63187
93 20 0.82704
93 22 0.55784
93 24 0.34115
93 25 0.73556
93 26 0.67208
93 27 0.35344
93 28 0.74457
93 30 0.84437
93 32 0.65084
93 35 0.86798
93 38 0.29371
93 40 0.81184
93 42 0.20056
93 44 0.98013
93 46 0.59576
93 48 0.04706
93 53 0.99448
93 54 0.62076
93 59 0.54903
93 61 0.25777
93 62 0.59920
93 63 0.94146
93 66 0.88031
93 68 0.67245
93 71 0.41445
93 72 0.60457
93 73 0.22271
93 74 0.61418
93 76 0.72246
93 77 0.13719
93 78 0.50747
93 79 0.91786
93 82 0.51490
93 83 0.71741
93 84 0.02099
93 85 0.06783
93 86 0.72572
93 87 0.91150
93 89 0.44074
93 92 0.77029
93 94 0.39803
93 95 0.36856
93 96 0.49192
93 97 0.87804
93 98 0.85836
93 99 0.42678
94 3 0.64310
94 4 0.09657
94 5 0.25786
94 6 0.39116
94 7 0.66482
94 9 0.43177
94 11 0.15653
94 16 0.61095
94 18 0.66707
94 20 0.65724
94 22 0.82535
94 23 0.09629
94 24 0.29330
94 26 0.23463
94 28 0.09788
94 29 0.56349
94 30 0.43370
94 31 0.19276
94 32 0.54089
94 34 0.15033
94 35 0.90378
94 36 0.52821
94 37 0.62023
94 38 0.99700
94 39 0.41738
94 44 0.73155
94 45 0.23939
94 49 0.31204
94 50 0.91496
94 53 0.22217
94 55 0.11727
94 57 0.85658
94 59 0.04324
94 60 0.16452
94 61 0.03377
94 62 0.03139
94 63 0.05052
94 68 0.66731
94 71 0.39950
94 72 0.94570
94 75 0.62475
94 77 0.74370
94 78 0.75955
94 80 0.90196
94 81 0.18111
94 88 0.42763
94 89 0.65505
94 91 0.86231
94 93 0.63554
94 94 0.66819
94 95 0.98496
94 96 0.67066
94 98 0.02931
95 0 0.66699
95 1 0.00904
95 2 0.66122
95 3 0.68064
95 7 0.34187
95 8 0.09034
95 10 0.20112
95 12 0.54118
95 13 0.15464
95 15 0.59577
95 21 0.48626
95 23 0.41527
95 26 0.93035
95 28 0.20359
95 33 0.71589
95 35 0.52199
95 37 0.70063
95 38 0.26561
95 40 0.41969
95 41 0.42528
95 42 0.93521
95 43 0.82701
95 44 0.21144
95 45 0.35920
95 47 0.78046
95 48 0.83093
95 49 0.45719
95 50 0.39429
95 52 0.07827
95 53 0.31336
95 54 0.76043
95 55 0.12506
95 56 0.68535
95 58 0.53245
95 59 0.82463
95 60 0.90789
95 61 0.99227
95 65 0.27902
95 71 0.94827
95 72 0.02005
95 74 0.22344
95 76 0.80617
95 79 0.52075
95 84 0.39242
95 86 0.85919
95 87 0.95881
95 88 0.20833
95 90 0.97537
95 92 0.10610
95 94 0.79039
95 95 0.97284
96 0 0.90218
96 1 0.25155
96 2 0.17778
96 3 0.52391
96 4 0.79001
96 5 0.42263
96 6 0.94812
96 7 0.87331
96 8 0.77280
96 9 0.42653
96 10 0.97660
96 14 0.58169
96 16 0.17924
96 19 0.23631
96 24 0.10597
96 25 0.14568
96 27 0.34530
96 31 0.13927
96 32 0.46053
96 33 0.15665
96 37 0.95890
96 40 0.79653
96 41 0.06818
96 42 0.20152
96 46 0.71644
96 47 0.16325
96 49 0.13648
96 52 0.55031
96 54 0.93176
96 59 0.07416
96 61 0.45410
96 64 0.88383
96 65 0.48600
96 66 0.35116
96 67 0.15603
96 68 0.40758
96 69 0.13822
96 70 0.70255
96 73 0.08883
96 74 0.29550
96 76 0.14422
96 77 0.20801
96 79 0.10774
96 80 0.49848
96 81 0.05270
96 83 0.04033
96 85 0.66464
96 86 0.75945
96 89 0.10190
96 90 0.12924
96 91 0.34435
96 92 0.47957
96 94 0.52999
96 95 0.15870
96 97 0.91293
96 98 0.00020
96 99 0.05347
97 0 0.54235
97 1 0.10035
97 3 0.88773
97 4 0.50603
97 5 0.34192
97 8 0.10884
97 10 0.04038
97 13 0.93936
97 14 0.47554
97 15 0.52060
97 16 0.21129
97 18 0.49658
97 20 0.58224
97 21 0.44476
97 22 0.42899
97 25 0.50245
97 26 0.84510
97 27 0.92713
97 37 0.79933
97 38 0.26256
97 40 0.74770
97 42 0.67234
97 44 0.76097
97 46 0.34271
97 48 0.86825
97 49 0.06599
97 50 0.66271
97 52 0.24947
97 53 0.30664
97 54 0.00287
97 57 0.92221
97 58 0.03422
97 59 0.61629
97 60 0.66841
97 61 0.27691
97 62 0.69034
97 63 0.91158
97 65 0.99150
97 66 0.51379
97 75 0.75897
97 76 0.69394
97 77 0.31400
97 79 0.29900
97 82 0.75511
97 83 0.20023
97 84 0.87966
97 87 0.18676
97 88 0.42241
97 89 0.38325
97 91 0.40763
97 93 0.55665
97 94 0.35051
97 96 0.58874
97 98 0.34416
97 99 0.83767
98 3 0.03614
98 9 0.55531
98 10 0.80646
98 12 0.69161
98 13 0.94620
98 17 0.19974
98 18 0.47488
98 20 0.89996
98 21 0.01221
98 22 0.03367
98 24 0.37285
98 25 0.49039
98 26 0.96049
98 27 0.41617
98 30 0.83146
98 32 0.01181
98 33 0.72378
98 34 0.27435
98 35 0.97259
98 36 0.89387
98 38 0.94254
98 39 0.42319
98 40 0.92709
98 44 0.48403
98 45 0.31151
98 49 0.47559
98 50 0.77886
98 52 0.06714
98 53 0.43477
98 57 0.14463
98 58 0.41028
98 60 0.14995
98 62 0.20536
98 63 0.76959
98 65 0.49482
98 66 0.02217
98 67 0.90016
98 68 0.72726
98 69 0.89920
98 71 0.89156
98 72 0.49956
98 73 0.01998
98 74 0.67881
98 75 0.48269
98 76 0.83720
98 77 0.05445
98 78 0.97457
98 79 0.73099
98 80 0.57955
98 81 0.51427
98 82 0.41243
98 84 0.79686
98 85 0.11138
98 86 0.48832
98 89 0.84577
98 93 0.42964
98 94 0.87903
98 95 0.16136
99 0 0.65408
99 2 0.38363
99 4 0.71279
99 5 0.44200
99 6 0.85747
99 7 0.66849
99 8 0.66625
99 9 0.90748
99 10 0.30829
99 15 0.33256
99 18 0.32022
99 21 0.49658
99 23 0.97849
99 24 0.98189
99 25 0.47312
99 26 0.88905
99 29 0.85541
99 31 0.70402
99 33 0.45260
99 34 0.10548
99 36 0.11413
99 39 0.58997
99 40 0.45823
99 44 0.23698
99 47 0.18883
99 51 0.12540
99 53 0.64417
99 56 0.73760
99 59 0.00424
99 62 0.03868
99 67 0.80546
99 70 0.89648
99 71 0.53965
99 75 0.61335
99 76 0.29331
99 77 0.79154
99 81 0.03764
99 82 0.72311
99 87 0.11731
99 88 0.93552
99 90 0.99136
99 92 0.11363
99 96 0.31953
99 97 0.18653
99 99 0.34022
