0 0 -0.72612
1 0 -1.81706
2 0 -1.39822
3 0 0.46751
4 0 -2.26880
5 0 2.38782
6 0 -1.39765
7 0 2.48794
8 0 0.73457
9 0 -2.70012
10 0 -1.74623
11 0 1.69121
12 0 -3.66648
13 0 1.03714
14 0 -2.77856
15 0 -1.57929
16 0 4.29120
17 0 2.99652
18 0 2.13196
19 0 -1.60689
20 0 0.80100
21 0 -5.19202
22 0 0.88957
23 0 0.15860
24 0 -1.99936
25 0 0.77894
26 0 0.73243
27 0 -1.29077
28 0 -0.94850
29 0 3.38026
30 0 -0.60883
31 0 1.18378
32 0 3.44378
33 0 1.90520
34 0 0.42414
35 0 -3.08174
36 0 -1.22817
37 0 -5.05830
38 0 -1.30851
39 0 -4.01256
40 0 5.06135
41 0 -0.13658
42 0 -2.49157
43 0 1.35579
44 0 -3.43688
45 0 2.96898
46 0 -2.28816
47 0 0.25199
48 0 -0.72879
49 0 -2.98137
50 0 -3.30856
51 0 2.90974
52 0 3.32549
53 0 1.38786
54 0 -3.26456
55 0 -2.07292
56 0 3.71045
57 0 -0.50640
58 0 -1.68048
59 0 -0.89924
60 0 9.49947
61 0 -1.41998
62 0 -2.76084
63 0 2.58258
64 0 -0.08128
65 0 4.94968
66 0 -2.34951
67 0 0.02872
68 0 -0.17121
69 0 -2.77291
70 0 0.49015
71 0 -4.11149
72 0 -1.46349
73 0 -1.01918
74 0 -2.08607
75 0 -3.03163
76 0 3.46137
77 0 -1.43674
78 0 -1.17308
79 0 1.23677
80 0 1.77153
81 0 2.92432
82 0 1.87997
83 0 -2.76811
84 0 2.98550
85 0 1.10329
86 0 -1.58749
87 0 1.74232
88 0 1.31579
89 0 -1.60036
90 0 1.61386
91 0 5.77871
92 0 0.95324
93 0 0.16805
94 0 -1.93656
95 0 -0.34424
96 0 8.11529
97 0 0.31336
98 0 -4.67756
99 0 5.98514
