23
4
0
2
25
13
1
16
13
27
1
10
27
6
3
23
1
18
15
24
23
18
18
20
17
17
23
27
24
9
25
5
21
24
23
23
4
11
1
0
14
12
27
20
8
4
6
20
5
0
14
15
27
26
8
5
17
10
23
24
23
12
21
26
28
28
3
13
17
21
26
16
17
24
22
2
10
25
26
28
23
15
18
23
19
7
4
3
16
8
7
11
10
9
29
21
12
23
16
12
25
1
17
4
26
9
25
26
8
28
23
2
29
10
18
10
18
7
16
9
27
9
29
6
20
0
15
0
9
25
28
17
26
26
13
18
15
15
29
13
6
3
25
4
12
26
9
29
19
6
26
1
29
11
5
26
18
15
13
2
11
3
11
4
6
28
8
20
9
13
11
6
26
5
13
16
10
20
17
5
26
28
25
6
26
18
17
5
17
23
9
18
16
15
8
13
29
15
7
12
29
27
20
9
8
23
2
11
23
11
19
21
16
24
14
23
19
10
9
12
10
19
11
10
7
5
7
0
7
25
19
9
15
22
14
6
23
12
1
0
23
18
26
6
27
28
26
27
3
18
16
20
15
2
12
13
17
16
7
4
3
22
6
24
22
19
0
5
0
28
28
27
29
8
23
2
17
19
22
12
24
28
2
18
12
1
0
19
14
1
25
6
23
12
28
1
27
2
22
23
28
2
16
25
15
24
6
1
11
0
18
9
13
16
22
12
11
4
11
10
11
0
5
0
26
18
12
16
28
4
4
0
19
23
3
28
17
7
10
24
18
23
12
1
8
28
3
1
28
10
28
28
3
1
13
11
5
10
16
13
25
6
29
21
29
25
1
18
26
18
2
12
8
18
3
18
14
25
3
24
2
19
2
11
15
5
27
26
2
25
24
15
18
14
12
29
11
14
10
25
0
12
21
13
8
13
4
23
7
13
23
22
22
6
22
8
21
11
11
21
7
15
6
15
8
29
6
15
25
1
14
16
27
4
27
23
4
26
8
4
7
11
27
6
4
24
11
25
9
0
23
12
14
20
0
25
16
6
12
7
4
28
25
26
8
22
19
10
26
21
10
4
10
2
12
0
0
19
6
23
23
3
23
15
3
16
25
28
9
8
3
5
3
23
21
21
26
18
8
12
22
26
18
2
14
29
17
12
1
20
1
13
1
2
25
5
6
4
28
23
4
16
27
0
0
27
5
28
8
20
7
23
11
15
1
29
14
6
19
19
0
22
22
8
3
15
14
28
26
4
19
5
25
2
22
24
16
3
24
17
9
29
28
25
23
11
29
28
18
26
18
7
26
10
9
11
6
17
2
15
10
0
13
1
13
16
28
7
22
12
4
3
7
2
21
15
6
15
20
24
15
17
11
21
7
9
20
5
22
28
18
27
26
27
27
0
18
24
10
28
9
7
11
24
12
12
20
12
28
13
25
14
0
12
22
12
28
14
27
18
17
6
27
17
15
29
16
3
2
6
13
25
24
20
12
1
11
7
1
28
19
10
1
20
16
21
8
7
9
10
10
28
18
27
7
20
15
23
8
11
8
24
10
5
27
9
13
16
24
0
5
3
20
27
14
20
11
6
2
29
4
29
14
1
23
16
28
8
3
28
18
15
20
12
11
26
27
20
19
5
14
4
3
20
10
3
3
26
23
14
27
1
23
24
7
27
0
0
0
17
1
23
16
26
15
6
28
9
10
2
24
27
1
3
6
19
20
14
11
4
1
19
29
21
14
11
18
10
15
13
9
29
17
22
1
28
29
24
1
25
21
11
8
27
11
26
18
20
19
5
23
12
23
18
3
29
20
29
4
17
15
26
4
26
6
22
24
3
25
12
21
24
21
25
28
19
23
14
21
19
8
24
20
7
18
26
27
0
22
7
8
21
10
19
26
24
0
6
2
11
13
1
5
13
20
2
8
22
14
24
7
18
11
1
2
10
0
4
3
21
13
1
18
25
28
13
16
18
24
16
22
18
27
27
22
21
5
3
16
27
17
9
1
6
9
14
28
10
23
29
28
10
28
15
28
14
7
15
7
1
26
3
15
7
15
20
15
27
12
26
10
2
1
10
12
19
1
17
9
22
29
11
24
9
12
7
8
17
17
25
7
5
7
15
15
8
7
11
13
4
5
15
15
21
12
3
28
15
21
18
5
13
11
0
1
14
5
1
26
20
22
0
20
18
22
8
27
2
26
16
4
14
0
24
23
6
28
4
1
29
21
8
11
0
27
14
27
11
7
4
22
26
1
24
27
19
17
4
5
19
